Year,County,State,FIPS County Code,Opioid Prescribing Rate per 100
2011,"Aleutians East, AK",AK,2013,?
2011,"Aleutians West, AK",AK,2016,?
2011,"Anchorage, AK",AK,2020,75.4
2011,"Bethel, AK",AK,2050,?
2011,"Bristol Bay, AK",AK,2060,?
2011,"Denali, AK",AK,2068,?
2011,"Dillingham, AK",AK,2070,?
2011,"Fairbanks North Star, AK",AK,2090,58
2011,"Haines, AK",AK,2100,?
2011,"Hoonah-Angoon, AK",AK,2105,?
2011,"Juneau, AK",AK,2110,91.3
2011,"Kenai Peninsula, AK",AK,2122,102.6
2011,"Ketchikan Gateway, AK",AK,2130,138.2
2011,"Kodiak Island, AK",AK,2150,50.2
2011,"Lake and Peninsula, AK",AK,2164,?
2011,"Matanuska-Susitna, AK",AK,2170,97.1
2011,"Nome, AK",AK,2180,?
2011,"North Slope, AK",AK,2185,?
2011,"Northwest Arctic, AK",AK,2188,?
2011,"Petersburg, AK",AK,2195,94.5
2011,"Prince of Wales-Hyder, AK",AK,2198,?
2011,"Sitka, AK",AK,2220,?
2011,"Skagway, AK",AK,2230,?
2011,"Southeast Fairbanks, AK",AK,2240,?
2011,"Valdez-Cordova, AK",AK,2261,56.6
2011,"Wade Hampton, AK",AK,2270,?
2011,"Wrangell, AK",AK,2275,?
2011,"Yakutat, AK",AK,2282,?
2011,"Yukon-Koyukuk, AK",AK,2290,?
2011,"Autauga, AL",AL,1001,144.1
2011,"Baldwin, AL",AL,1003,150
2011,"Barbour, AL",AL,1005,99.4
2011,"Bibb, AL",AL,1007,57.7
2011,"Blount, AL",AL,1009,64.8
2011,"Bullock, AL",AL,1011,41
2011,"Butler, AL",AL,1013,135.8
2011,"Calhoun, AL",AL,1015,176.7
2011,"Chambers, AL",AL,1017,152.5
2011,"Cherokee, AL",AL,1019,159.7
2011,"Chilton, AL",AL,1021,120.7
2011,"Choctaw, AL",AL,1023,115.3
2011,"Clarke, AL",AL,1025,171.9
2011,"Clay, AL",AL,1027,130.3
2011,"Cleburne, AL",AL,1029,26.1
2011,"Coffee, AL",AL,1031,152.6
2011,"Colbert, AL",AL,1033,208.7
2011,"Conecuh, AL",AL,1035,170.7
2011,"Coosa, AL",AL,1037,52
2011,"Covington, AL",AL,1039,178
2011,"Crenshaw, AL",AL,1041,113.7
2011,"Cullman, AL",AL,1043,180.6
2011,"Dale, AL",AL,1045,75.1
2011,"Dallas, AL",AL,1047,122.5
2011,"DeKalb, AL",AL,1049,100.6
2011,"Elmore, AL",AL,1051,129.9
2011,"Escambia, AL",AL,1053,149
2011,"Etowah, AL",AL,1055,158.2
2011,"Fayette, AL",AL,1057,48.9
2011,"Franklin, AL",AL,1059,223.2
2011,"Geneva, AL",AL,1061,31.7
2011,"Greene, AL",AL,1063,46.5
2011,"Hale, AL",AL,1065,92.6
2011,"Henry, AL",AL,1067,35
2011,"Houston, AL",AL,1069,192.8
2011,"Jackson, AL",AL,1071,125.1
2011,"Jefferson, AL",AL,1073,139.9
2011,"Lamar, AL",AL,1075,46.9
2011,"Lauderdale, AL",AL,1077,146.3
2011,"Lawrence, AL",AL,1079,87.3
2011,"Lee, AL",AL,1081,78
2011,"Limestone, AL",AL,1083,71.6
2011,"Lowndes, AL",AL,1085,16.2
2011,"Macon, AL",AL,1087,53.3
2011,"Madison, AL",AL,1089,132.9
2011,"Marengo, AL",AL,1091,132.6
2011,"Marion, AL",AL,1093,224.8
2011,"Marshall, AL",AL,1095,224.7
2011,"Mobile, AL",AL,1097,152.8
2011,"Monroe, AL",AL,1099,122.7
2011,"Montgomery, AL",AL,1101,105.7
2011,"Morgan, AL",AL,1103,156.5
2011,"Perry, AL",AL,1105,?
2011,"Pickens, AL",AL,1107,120.5
2011,"Pike, AL",AL,1109,122.9
2011,"Randolph, AL",AL,1111,104.1
2011,"Russell, AL",AL,1113,160.9
2011,"St. Clair, AL",AL,1115,107.9
2011,"Shelby, AL",AL,1117,127.5
2011,"Sumter, AL",AL,1119,52
2011,"Talladega, AL",AL,1121,155.9
2011,"Tallapoosa, AL",AL,1123,98.6
2011,"Tuscaloosa, AL",AL,1125,118.2
2011,"Walker, AL",AL,1127,340.2
2011,"Washington, AL",AL,1129,37.6
2011,"Wilcox, AL",AL,1131,45.9
2011,"Winston, AL",AL,1133,194.4
2011,"Arkansas, AR",AR,5001,84.9
2011,"Ashley, AR",AR,5003,73.2
2011,"Baxter, AR",AR,5005,175.7
2011,"Benton, AR",AR,5007,89.9
2011,"Boone, AR",AR,5009,155.3
2011,"Bradley, AR",AR,5011,68.8
2011,"Calhoun, AR",AR,5013,127.8
2011,"Carroll, AR",AR,5015,75.5
2011,"Chicot, AR",AR,5017,52.8
2011,"Clark, AR",AR,5019,126.5
2011,"Clay, AR",AR,5021,57.9
2011,"Cleburne, AR",AR,5023,131.5
2011,"Cleveland, AR",AR,5025,?
2011,"Columbia, AR",AR,5027,129.2
2011,"Conway, AR",AR,5029,101.8
2011,"Craighead, AR",AR,5031,155.4
2011,"Crawford, AR",AR,5033,160.9
2011,"Crittenden, AR",AR,5035,100
2011,"Cross, AR",AR,5037,105.3
2011,"Dallas, AR",AR,5039,105.3
2011,"Desha, AR",AR,5041,129.3
2011,"Drew, AR",AR,5043,129.7
2011,"Faulkner, AR",AR,5045,108.9
2011,"Franklin, AR",AR,5047,61.9
2011,"Fulton, AR",AR,5049,105.3
2011,"Garland, AR",AR,5051,195.9
2011,"Grant, AR",AR,5053,30.2
2011,"Greene, AR",AR,5055,136.4
2011,"Hempstead, AR",AR,5057,148.8
2011,"Hot Spring, AR",AR,5059,103.8
2011,"Howard, AR",AR,5061,166.8
2011,"Independence, AR",AR,5063,214
2011,"Izard, AR",AR,5065,120
2011,"Jackson, AR",AR,5067,146.7
2011,"Jefferson, AR",AR,5069,58.9
2011,"Johnson, AR",AR,5071,38
2011,"Lafayette, AR",AR,5073,?
2011,"Lawrence, AR",AR,5075,43.3
2011,"Lee, AR",AR,5077,?
2011,"Lincoln, AR",AR,5079,28.8
2011,"Little River, AR",AR,5081,73.2
2011,"Logan, AR",AR,5083,53.6
2011,"Lonoke, AR",AR,5085,121.2
2011,"Madison, AR",AR,5087,27.8
2011,"Marion, AR",AR,5089,58.7
2011,"Miller, AR",AR,5091,122.9
2011,"Mississippi, AR",AR,5093,118.7
2011,"Monroe, AR",AR,5095,25.2
2011,"Montgomery, AR",AR,5097,112
2011,"Nevada, AR",AR,5099,?
2011,"Newton, AR",AR,5101,?
2011,"Ouachita, AR",AR,5103,90.8
2011,"Perry, AR",AR,5105,93.9
2011,"Phillips, AR",AR,5107,186
2011,"Pike, AR",AR,5109,?
2011,"Poinsett, AR",AR,5111,39.1
2011,"Polk, AR",AR,5113,29.2
2011,"Pope, AR",AR,5115,150.7
2011,"Prairie, AR",AR,5117,117.6
2011,"Pulaski, AR",AR,5119,118.3
2011,"Randolph, AR",AR,5121,97.4
2011,"St. Francis, AR",AR,5123,80
2011,"Saline, AR",AR,5125,102.1
2011,"Scott, AR",AR,5127,80
2011,"Searcy, AR",AR,5129,122.1
2011,"Sebastian, AR",AR,5131,228.5
2011,"Sevier, AR",AR,5133,40.7
2011,"Sharp, AR",AR,5135,113.6
2011,"Stone, AR",AR,5137,66.2
2011,"Union, AR",AR,5139,105.8
2011,"Van Buren, AR",AR,5141,73.2
2011,"Washington, AR",AR,5143,119.6
2011,"White, AR",AR,5145,125
2011,"Woodruff, AR",AR,5147,34.9
2011,"Yell, AR",AR,5149,35.3
2011,"Apache, AZ",AZ,4001,15.9
2011,"Cochise, AZ",AZ,4003,86.4
2011,"Coconino, AZ",AZ,4005,61.3
2011,"Gila, AZ",AZ,4007,141.7
2011,"Graham, AZ",AZ,4009,124.2
2011,"Greenlee, AZ",AZ,4011,?
2011,"La Paz, AZ",AZ,4012,136.2
2011,"Maricopa, AZ",AZ,4013,86.1
2011,"Mohave, AZ",AZ,4015,146.8
2011,"Navajo, AZ",AZ,4017,80.6
2011,"Pima, AZ",AZ,4019,98.3
2011,"Pinal, AZ",AZ,4021,70
2011,"Santa Cruz, AZ",AZ,4023,35.9
2011,"Yavapai, AZ",AZ,4025,114.7
2011,"Yuma, AZ",AZ,4027,79
2011,"Alameda, CA",CA,6001,43.2
2011,"Alpine, CA",CA,6003,?
2011,"Amador, CA",CA,6005,140.5
2011,"Butte, CA",CA,6007,163.1
2011,"Calaveras, CA",CA,6009,105.1
2011,"Colusa, CA",CA,6011,51.1
2011,"Contra Costa, CA",CA,6013,59.8
2011,"Del Norte, CA",CA,6015,139.2
2011,"El Dorado, CA",CA,6017,79.5
2011,"Fresno, CA",CA,6019,70.8
2011,"Glenn, CA",CA,6021,83.9
2011,"Humboldt, CA",CA,6023,143.8
2011,"Imperial, CA",CA,6025,55
2011,"Inyo, CA",CA,6027,69.7
2011,"Kern, CA",CA,6029,66.5
2011,"Kings, CA",CA,6031,83.6
2011,"Lake, CA",CA,6033,172.6
2011,"Lassen, CA",CA,6035,102.9
2011,"Los Angeles, CA",CA,6037,41.4
2011,"Madera, CA",CA,6039,61.4
2011,"Marin, CA",CA,6041,53.9
2011,"Mariposa, CA",CA,6043,74.5
2011,"Mendocino, CA",CA,6045,137
2011,"Merced, CA",CA,6047,71.7
2011,"Modoc, CA",CA,6049,135.9
2011,"Mono, CA",CA,6051,56.9
2011,"Monterey, CA",CA,6053,70.2
2011,"Napa, CA",CA,6055,42.3
2011,"Nevada, CA",CA,6057,115.4
2011,"Orange, CA",CA,6059,51.9
2011,"Placer, CA",CA,6061,74
2011,"Plumas, CA",CA,6063,113.7
2011,"Riverside, CA",CA,6065,57.3
2011,"Sacramento, CA",CA,6067,63.3
2011,"San Benito, CA",CA,6069,48
2011,"San Bernardino, CA",CA,6071,55.1
2011,"San Diego, CA",CA,6073,47.2
2011,"San Francisco, CA",CA,6075,45
2011,"San Joaquin, CA",CA,6077,67.3
2011,"San Luis Obispo, CA",CA,6079,84.8
2011,"San Mateo, CA",CA,6081,41.6
2011,"Santa Barbara, CA",CA,6083,69.4
2011,"Santa Clara, CA",CA,6085,32.4
2011,"Santa Cruz, CA",CA,6087,83.7
2011,"Shasta, CA",CA,6089,157.4
2011,"Sierra, CA",CA,6091,?
2011,"Siskiyou, CA",CA,6093,125.8
2011,"Solano, CA",CA,6095,57.2
2011,"Sonoma, CA",CA,6097,69.8
2011,"Stanislaus, CA",CA,6099,108.5
2011,"Sutter, CA",CA,6101,149.7
2011,"Tehama, CA",CA,6103,133.5
2011,"Trinity, CA",CA,6105,135.6
2011,"Tulare, CA",CA,6107,89.9
2011,"Tuolumne, CA",CA,6109,170.9
2011,"Ventura, CA",CA,6111,64.1
2011,"Yolo, CA",CA,6113,64
2011,"Yuba, CA",CA,6115,108.8
2011,"Adams, CO",CO,8001,60
2011,"Alamosa, CO",CO,8003,218.4
2011,"Arapahoe, CO",CO,8005,64.8
2011,"Archuleta, CO",CO,8007,62.1
2011,"Baca, CO",CO,8009,104.3
2011,"Bent, CO",CO,8011,51.7
2011,"Boulder, CO",CO,8013,63.3
2011,"Broomfield, CO",CO,8014,69.9
2011,"Chaffee, CO",CO,8015,97.9
2011,"Cheyenne, CO",CO,8017,77.8
2011,"Clear Creek, CO",CO,8019,47.5
2011,"Conejos, CO",CO,8021,?
2011,"Costilla, CO",CO,8023,?
2011,"Crowley, CO",CO,8025,33.8
2011,"Custer, CO",CO,8027,?
2011,"Delta, CO",CO,8029,87.6
2011,"Denver, CO",CO,8031,51.1
2011,"Dolores, CO",CO,8033,?
2011,"Douglas, CO",CO,8035,61.1
2011,"Eagle, CO",CO,8037,54.9
2011,"Elbert, CO",CO,8039,30.6
2011,"El Paso, CO",CO,8041,79.4
2011,"Fremont, CO",CO,8043,75.1
2011,"Garfield, CO",CO,8045,94.3
2011,"Gilpin, CO",CO,8047,?
2011,"Grand, CO",CO,8049,54.4
2011,"Gunnison, CO",CO,8051,57.1
2011,"Hinsdale, CO",CO,8053,?
2011,"Huerfano, CO",CO,8055,120.1
2011,"Jackson, CO",CO,8057,?
2011,"Jefferson, CO",CO,8059,85.1
2011,"Kiowa, CO",CO,8061,117.6
2011,"Kit Carson, CO",CO,8063,?
2011,"Lake, CO",CO,8065,93.1
2011,"La Plata, CO",CO,8067,81.9
2011,"Larimer, CO",CO,8069,83.4
2011,"Las Animas, CO",CO,8071,165.3
2011,"Lincoln, CO",CO,8073,?
2011,"Logan, CO",CO,8075,101.6
2011,"Mesa, CO",CO,8077,92.4
2011,"Mineral, CO",CO,8079,?
2011,"Moffat, CO",CO,8081,202.7
2011,"Montezuma, CO",CO,8083,96.8
2011,"Montrose, CO",CO,8085,113.2
2011,"Morgan, CO",CO,8087,93.3
2011,"Otero, CO",CO,8089,119.7
2011,"Ouray, CO",CO,8091,44.9
2011,"Park, CO",CO,8093,13.1
2011,"Phillips, CO",CO,8095,28.4
2011,"Pitkin, CO",CO,8097,6.6
2011,"Prowers, CO",CO,8099,98.8
2011,"Pueblo, CO",CO,8101,131.2
2011,"Rio Blanco, CO",CO,8103,36.7
2011,"Rio Grande, CO",CO,8105,48.5
2011,"Routt, CO",CO,8107,80.7
2011,"Saguache, CO",CO,8109,?
2011,"San Juan, CO",CO,8111,?
2011,"San Miguel, CO",CO,8113,38.9
2011,"Sedgwick, CO",CO,8115,146.1
2011,"Summit, CO",CO,8117,90.6
2011,"Teller, CO",CO,8119,142.6
2011,"Washington, CO",CO,8121,?
2011,"Weld, CO",CO,8123,69.9
2011,"Yuma, CO",CO,8125,75.1
2011,"Fairfield, CT",CT,9001,55
2011,"Hartford, CT",CT,9003,70.4
2011,"Litchfield, CT",CT,9005,74.7
2011,"Middlesex, CT",CT,9007,72.8
2011,"New Haven, CT",CT,9009,78.1
2011,"New London, CT",CT,9011,79.8
2011,"Tolland, CT",CT,9013,56
2011,"Windham, CT",CT,9015,82.9
2011,"District of Columbia, DC",DC,11001,39.8
2011,"Kent, DE",DE,10001,88
2011,"New Castle, DE",DE,10003,90.8
2011,"Sussex, DE",DE,10005,133.7
2011,"Alachua, FL",FL,12001,82.7
2011,"Baker, FL",FL,12003,146.5
2011,"Bay, FL",FL,12005,120.4
2011,"Bradford, FL",FL,12007,112.6
2011,"Brevard, FL",FL,12009,105.5
2011,"Broward, FL",FL,12011,68.5
2011,"Calhoun, FL",FL,12013,78.5
2011,"Charlotte, FL",FL,12015,116.6
2011,"Citrus, FL",FL,12017,118.7
2011,"Clay, FL",FL,12019,105.6
2011,"Collier, FL",FL,12021,75.2
2011,"Columbia, FL",FL,12023,131.1
2011,"DeSoto, FL",FL,12027,71.7
2011,"Dixie, FL",FL,12029,36.4
2011,"Duval, FL",FL,12031,102.4
2011,"Escambia, FL",FL,12033,146.5
2011,"Flagler, FL",FL,12035,102.9
2011,"Franklin, FL",FL,12037,97.1
2011,"Gadsden, FL",FL,12039,63.6
2011,"Gilchrist, FL",FL,12041,43.4
2011,"Glades, FL",FL,12043,0.2
2011,"Gulf, FL",FL,12045,133.9
2011,"Hamilton, FL",FL,12047,55.2
2011,"Hardee, FL",FL,12049,65.3
2011,"Hendry, FL",FL,12051,89.2
2011,"Hernando, FL",FL,12053,126.2
2011,"Highlands, FL",FL,12055,93.7
2011,"Hillsborough, FL",FL,12057,89.2
2011,"Holmes, FL",FL,12059,102.4
2011,"Indian River, FL",FL,12061,116.1
2011,"Jackson, FL",FL,12063,101.5
2011,"Jefferson, FL",FL,12065,66.6
2011,"Lafayette, FL",FL,12067,60.1
2011,"Lake, FL",FL,12069,91.3
2011,"Lee, FL",FL,12071,88.9
2011,"Leon, FL",FL,12073,79.3
2011,"Levy, FL",FL,12075,125.2
2011,"Liberty, FL",FL,12077,48.3
2011,"Madison, FL",FL,12079,72.5
2011,"Manatee, FL",FL,12081,99.6
2011,"Marion, FL",FL,12083,96.4
2011,"Martin, FL",FL,12085,91.3
2011,"Miami-Dade, FL",FL,12086,38.5
2011,"Monroe, FL",FL,12087,110.3
2011,"Nassau, FL",FL,12089,123.8
2011,"Okaloosa, FL",FL,12091,124.3
2011,"Okeechobee, FL",FL,12093,117.4
2011,"Orange, FL",FL,12095,62.7
2011,"Osceola, FL",FL,12097,72.6
2011,"Palm Beach, FL",FL,12099,76.1
2011,"Pasco, FL",FL,12101,118.3
2011,"Pinellas, FL",FL,12103,105.2
2011,"Polk, FL",FL,12105,84.1
2011,"Putnam, FL",FL,12107,124.7
2011,"St. Johns, FL",FL,12109,73.7
2011,"St. Lucie, FL",FL,12111,85.6
2011,"Santa Rosa, FL",FL,12113,124.8
2011,"Sarasota, FL",FL,12115,97.2
2011,"Seminole, FL",FL,12117,82.9
2011,"Sumter, FL",FL,12119,75.3
2011,"Suwannee, FL",FL,12121,92.8
2011,"Taylor, FL",FL,12123,109
2011,"Union, FL",FL,12125,69.6
2011,"Volusia, FL",FL,12127,98.1
2011,"Wakulla, FL",FL,12129,80.6
2011,"Walton, FL",FL,12131,101.6
2011,"Washington, FL",FL,12133,153.2
2011,"Appling, GA",GA,13001,105.5
2011,"Atkinson, GA",GA,13003,71.4
2011,"Bacon, GA",GA,13005,165.8
2011,"Baker, GA",GA,13007,?
2011,"Baldwin, GA",GA,13009,120
2011,"Banks, GA",GA,13011,39.1
2011,"Barrow, GA",GA,13013,91.3
2011,"Bartow, GA",GA,13015,117.7
2011,"Ben Hill, GA",GA,13017,138.7
2011,"Berrien, GA",GA,13019,96.5
2011,"Bibb, GA",GA,13021,165.4
2011,"Bleckley, GA",GA,13023,143.7
2011,"Brantley, GA",GA,13025,70.1
2011,"Brooks, GA",GA,13027,114.1
2011,"Bryan, GA",GA,13029,76.5
2011,"Bulloch, GA",GA,13031,93.8
2011,"Burke, GA",GA,13033,76.4
2011,"Butts, GA",GA,13035,86.5
2011,"Calhoun, GA",GA,13037,?
2011,"Camden, GA",GA,13039,89.2
2011,"Candler, GA",GA,13043,121.7
2011,"Carroll, GA",GA,13045,137.9
2011,"Catoosa, GA",GA,13047,173.1
2011,"Charlton, GA",GA,13049,78.4
2011,"Chatham, GA",GA,13051,99.8
2011,"Chattahoochee, GA",GA,13053,?
2011,"Chattooga, GA",GA,13055,124.1
2011,"Cherokee, GA",GA,13057,78.8
2011,"Clarke, GA",GA,13059,127.1
2011,"Clay, GA",GA,13061,117
2011,"Clayton, GA",GA,13063,57.4
2011,"Clinch, GA",GA,13065,135.4
2011,"Cobb, GA",GA,13067,75.3
2011,"Coffee, GA",GA,13069,187.9
2011,"Colquitt, GA",GA,13071,84.2
2011,"Columbia, GA",GA,13073,97
2011,"Cook, GA",GA,13075,110.1
2011,"Coweta, GA",GA,13077,95.8
2011,"Crawford, GA",GA,13079,?
2011,"Crisp, GA",GA,13081,195.3
2011,"Dade, GA",GA,13083,105.1
2011,"Dawson, GA",GA,13085,153.3
2011,"Decatur, GA",GA,13087,130.4
2011,"DeKalb, GA",GA,13089,51.2
2011,"Dodge, GA",GA,13091,92.5
2011,"Dooly, GA",GA,13093,?
2011,"Dougherty, GA",GA,13095,127
2011,"Douglas, GA",GA,13097,113.6
2011,"Early, GA",GA,13099,108
2011,"Echols, GA",GA,13101,?
2011,"Effingham, GA",GA,13103,75.5
2011,"Elbert, GA",GA,13105,133.5
2011,"Emanuel, GA",GA,13107,111
2011,"Evans, GA",GA,13109,169.2
2011,"Fannin, GA",GA,13111,130.4
2011,"Fayette, GA",GA,13113,85.1
2011,"Floyd, GA",GA,13115,160.9
2011,"Forsyth, GA",GA,13117,64.7
2011,"Franklin, GA",GA,13119,161.3
2011,"Fulton, GA",GA,13121,56.9
2011,"Gilmer, GA",GA,13123,138.6
2011,"Glascock, GA",GA,13125,?
2011,"Glynn, GA",GA,13127,127.4
2011,"Gordon, GA",GA,13129,145.7
2011,"Grady, GA",GA,13131,63
2011,"Greene, GA",GA,13133,128.2
2011,"Gwinnett, GA",GA,13135,54.7
2011,"Habersham, GA",GA,13137,137.8
2011,"Hall, GA",GA,13139,103.9
2011,"Hancock, GA",GA,13141,47.9
2011,"Haralson, GA",GA,13143,236.3
2011,"Harris, GA",GA,13145,5.2
2011,"Hart, GA",GA,13147,105.8
2011,"Heard, GA",GA,13149,?
2011,"Henry, GA",GA,13151,86.9
2011,"Houston, GA",GA,13153,123.1
2011,"Irwin, GA",GA,13155,69.4
2011,"Jackson, GA",GA,13157,120.5
2011,"Jasper, GA",GA,13159,54.4
2011,"Jeff Davis, GA",GA,13161,146.5
2011,"Jefferson, GA",GA,13163,112.8
2011,"Jenkins, GA",GA,13165,37
2011,"Johnson, GA",GA,13167,35.1
2011,"Jones, GA",GA,13169,47.7
2011,"Lamar, GA",GA,13171,92.5
2011,"Lanier, GA",GA,13173,?
2011,"Laurens, GA",GA,13175,159.6
2011,"Lee, GA",GA,13177,40.1
2011,"Liberty, GA",GA,13179,56.5
2011,"Lincoln, GA",GA,13181,?
2011,"Long, GA",GA,13183,?
2011,"Lowndes, GA",GA,13185,106.1
2011,"Lumpkin, GA",GA,13187,73.9
2011,"McDuffie, GA",GA,13189,178.7
2011,"McIntosh, GA",GA,13191,85.9
2011,"Macon, GA",GA,13193,56.5
2011,"Madison, GA",GA,13195,98.1
2011,"Marion, GA",GA,13197,?
2011,"Meriwether, GA",GA,13199,32.2
2011,"Miller, GA",GA,13201,137.9
2011,"Mitchell, GA",GA,13205,97.9
2011,"Monroe, GA",GA,13207,61.4
2011,"Montgomery, GA",GA,13209,?
2011,"Morgan, GA",GA,13211,54.3
2011,"Murray, GA",GA,13213,114.4
2011,"Muscogee, GA",GA,13215,111.9
2011,"Newton, GA",GA,13217,102.1
2011,"Oconee, GA",GA,13219,63.4
2011,"Oglethorpe, GA",GA,13221,?
2011,"Paulding, GA",GA,13223,75.2
2011,"Peach, GA",GA,13225,95.2
2011,"Pickens, GA",GA,13227,145.3
2011,"Pierce, GA",GA,13229,45.9
2011,"Pike, GA",GA,13231,?
2011,"Polk, GA",GA,13233,183.4
2011,"Pulaski, GA",GA,13235,86.8
2011,"Putnam, GA",GA,13237,51.5
2011,"Quitman, GA",GA,13239,?
2011,"Rabun, GA",GA,13241,151.8
2011,"Randolph, GA",GA,13243,174.8
2011,"Richmond, GA",GA,13245,107.8
2011,"Rockdale, GA",GA,13247,87.3
2011,"Schley, GA",GA,13249,?
2011,"Screven, GA",GA,13251,44.5
2011,"Seminole, GA",GA,13253,144.1
2011,"Spalding, GA",GA,13255,161.6
2011,"Stephens, GA",GA,13257,171.4
2011,"Stewart, GA",GA,13259,84.9
2011,"Sumter, GA",GA,13261,123.6
2011,"Talbot, GA",GA,13263,?
2011,"Taliaferro, GA",GA,13265,?
2011,"Tattnall, GA",GA,13267,65.7
2011,"Taylor, GA",GA,13269,45.2
2011,"Telfair, GA",GA,13271,50.8
2011,"Terrell, GA",GA,13273,50.1
2011,"Thomas, GA",GA,13275,101.3
2011,"Tift, GA",GA,13277,141.4
2011,"Toombs, GA",GA,13279,201
2011,"Towns, GA",GA,13281,106.3
2011,"Treutlen, GA",GA,13283,?
2011,"Troup, GA",GA,13285,117.9
2011,"Turner, GA",GA,13287,70.7
2011,"Twiggs, GA",GA,13289,?
2011,"Union, GA",GA,13291,162.4
2011,"Upson, GA",GA,13293,131.3
2011,"Walker, GA",GA,13295,45.9
2011,"Walton, GA",GA,13297,113.7
2011,"Ware, GA",GA,13299,225.3
2011,"Warren, GA",GA,13301,?
2011,"Washington, GA",GA,13303,90.9
2011,"Wayne, GA",GA,13305,167.3
2011,"Webster, GA",GA,13307,?
2011,"Wheeler, GA",GA,13309,?
2011,"White, GA",GA,13311,85.9
2011,"Whitfield, GA",GA,13313,99.1
2011,"Wilcox, GA",GA,13315,?
2011,"Wilkes, GA",GA,13317,158.9
2011,"Wilkinson, GA",GA,13319,?
2011,"Worth, GA",GA,13321,95.6
2011,"Hawaii, HI",HI,15001,82.2
2011,"Honolulu, HI",HI,15003,38.4
2011,"Kalawao, HI",HI,15005,?
2011,"Kauai, HI",HI,15007,80.2
2011,"Maui, HI",HI,15009,71.3
2011,"Adair, IA",IA,19001,37.9
2011,"Adams, IA",IA,19003,53.7
2011,"Allamakee, IA",IA,19005,54.6
2011,"Appanoose, IA",IA,19007,74.9
2011,"Audubon, IA",IA,19009,41.6
2011,"Benton, IA",IA,19011,3.9
2011,"Black Hawk, IA",IA,19013,83
2011,"Boone, IA",IA,19015,53.4
2011,"Bremer, IA",IA,19017,41.9
2011,"Buchanan, IA",IA,19019,39.7
2011,"Buena Vista, IA",IA,19021,44.2
2011,"Butler, IA",IA,19023,38
2011,"Calhoun, IA",IA,19025,40.5
2011,"Carroll, IA",IA,19027,97.2
2011,"Cass, IA",IA,19029,104.5
2011,"Cedar, IA",IA,19031,25.6
2011,"Cerro Gordo, IA",IA,19033,101.5
2011,"Cherokee, IA",IA,19035,61.5
2011,"Chickasaw, IA",IA,19037,31.1
2011,"Clarke, IA",IA,19039,71.2
2011,"Clay, IA",IA,19041,101.3
2011,"Clayton, IA",IA,19043,35.2
2011,"Clinton, IA",IA,19045,73.4
2011,"Crawford, IA",IA,19047,49.8
2011,"Dallas, IA",IA,19049,20.1
2011,"Davis, IA",IA,19051,35.2
2011,"Decatur, IA",IA,19053,?
2011,"Delaware, IA",IA,19055,56.6
2011,"Des Moines, IA",IA,19057,94.9
2011,"Dickinson, IA",IA,19059,55.2
2011,"Dubuque, IA",IA,19061,65
2011,"Emmet, IA",IA,19063,32.8
2011,"Fayette, IA",IA,19065,87.9
2011,"Floyd, IA",IA,19067,79.9
2011,"Franklin, IA",IA,19069,28.3
2011,"Fremont, IA",IA,19071,69.6
2011,"Greene, IA",IA,19073,69.5
2011,"Grundy, IA",IA,19075,8.3
2011,"Guthrie, IA",IA,19077,21.7
2011,"Hamilton, IA",IA,19079,53.9
2011,"Hancock, IA",IA,19081,22.4
2011,"Hardin, IA",IA,19083,54.9
2011,"Harrison, IA",IA,19085,64.4
2011,"Henry, IA",IA,19087,47.5
2011,"Howard, IA",IA,19089,64.5
2011,"Humboldt, IA",IA,19091,40.3
2011,"Ida, IA",IA,19093,76.5
2011,"Iowa, IA",IA,19095,22.8
2011,"Jackson, IA",IA,19097,28.9
2011,"Jasper, IA",IA,19099,77.5
2011,"Jefferson, IA",IA,19101,57.3
2011,"Johnson, IA",IA,19103,40.9
2011,"Jones, IA",IA,19105,20.9
2011,"Keokuk, IA",IA,19107,18
2011,"Kossuth, IA",IA,19109,37.1
2011,"Lee, IA",IA,19111,100.8
2011,"Linn, IA",IA,19113,68.7
2011,"Louisa, IA",IA,19115,14
2011,"Lucas, IA",IA,19117,69.4
2011,"Lyon, IA",IA,19119,24.5
2011,"Madison, IA",IA,19121,40.5
2011,"Mahaska, IA",IA,19123,72.7
2011,"Marion, IA",IA,19125,48.2
2011,"Marshall, IA",IA,19127,78.8
2011,"Mills, IA",IA,19129,20.6
2011,"Mitchell, IA",IA,19131,11.4
2011,"Monona, IA",IA,19133,79.5
2011,"Monroe, IA",IA,19135,70.1
2011,"Montgomery, IA",IA,19137,71.7
2011,"Muscatine, IA",IA,19139,56
2011,"O?Brien, IA",IA,19141,23.9
2011,"Osceola, IA",IA,19143,14.3
2011,"Page, IA",IA,19145,103.8
2011,"Palo Alto, IA",IA,19147,57.3
2011,"Plymouth, IA",IA,19149,35.7
2011,"Pocahontas, IA",IA,19151,69.2
2011,"Polk, IA",IA,19153,96.1
2011,"Pottawattamie, IA",IA,19155,93.3
2011,"Poweshiek, IA",IA,19157,47
2011,"Ringgold, IA",IA,19159,63.5
2011,"Sac, IA",IA,19161,33.1
2011,"Scott, IA",IA,19163,75.2
2011,"Shelby, IA",IA,19165,41.9
2011,"Sioux, IA",IA,19167,24.3
2011,"Story, IA",IA,19169,34.4
2011,"Tama, IA",IA,19171,10.6
2011,"Taylor, IA",IA,19173,51.9
2011,"Union, IA",IA,19175,110.4
2011,"Van Buren, IA",IA,19177,?
2011,"Wapello, IA",IA,19179,96.2
2011,"Warren, IA",IA,19181,36.1
2011,"Washington, IA",IA,19183,36.8
2011,"Wayne, IA",IA,19185,86.3
2011,"Webster, IA",IA,19187,91.6
2011,"Winnebago, IA",IA,19189,36.6
2011,"Winneshiek, IA",IA,19191,36.7
2011,"Woodbury, IA",IA,19193,59.3
2011,"Worth, IA",IA,19195,?
2011,"Wright, IA",IA,19197,69.1
2011,"Ada, ID",ID,16001,88.3
2011,"Adams, ID",ID,16003,?
2011,"Bannock, ID",ID,16005,115
2011,"Bear Lake, ID",ID,16007,124.2
2011,"Benewah, ID",ID,16009,96.4
2011,"Bingham, ID",ID,16011,67.6
2011,"Blaine, ID",ID,16013,57.1
2011,"Boise, ID",ID,16015,?
2011,"Bonner, ID",ID,16017,90.2
2011,"Bonneville, ID",ID,16019,102
2011,"Boundary, ID",ID,16021,101
2011,"Butte, ID",ID,16023,84.9
2011,"Camas, ID",ID,16025,?
2011,"Canyon, ID",ID,16027,86.9
2011,"Caribou, ID",ID,16029,80.6
2011,"Cassia, ID",ID,16031,135.8
2011,"Clark, ID",ID,16033,?
2011,"Clearwater, ID",ID,16035,98.3
2011,"Custer, ID",ID,16037,20.7
2011,"Elmore, ID",ID,16039,58.8
2011,"Franklin, ID",ID,16041,90.4
2011,"Fremont, ID",ID,16043,38
2011,"Gem, ID",ID,16045,119.2
2011,"Gooding, ID",ID,16047,65.6
2011,"Idaho, ID",ID,16049,66.5
2011,"Jefferson, ID",ID,16051,35
2011,"Jerome, ID",ID,16053,77.2
2011,"Kootenai, ID",ID,16055,109.9
2011,"Latah, ID",ID,16057,87.6
2011,"Lemhi, ID",ID,16059,84.9
2011,"Lewis, ID",ID,16061,223.2
2011,"Lincoln, ID",ID,16063,?
2011,"Madison, ID",ID,16065,65.4
2011,"Minidoka, ID",ID,16067,35.4
2011,"Nez Perce, ID",ID,16069,152.9
2011,"Oneida, ID",ID,16071,?
2011,"Owyhee, ID",ID,16073,35.7
2011,"Payette, ID",ID,16075,43.1
2011,"Power, ID",ID,16077,60.7
2011,"Shoshone, ID",ID,16079,157.8
2011,"Teton, ID",ID,16081,54.8
2011,"Twin Falls, ID",ID,16083,135.6
2011,"Valley, ID",ID,16085,110.3
2011,"Washington, ID",ID,16087,120.3
2011,"Adams, IL",IL,17001,115
2011,"Alexander, IL",IL,17003,59.9
2011,"Bond, IL",IL,17005,70.5
2011,"Boone, IL",IL,17007,59.2
2011,"Brown, IL",IL,17009,?
2011,"Bureau, IL",IL,17011,33.4
2011,"Calhoun, IL",IL,17013,?
2011,"Carroll, IL",IL,17015,21
2011,"Cass, IL",IL,17017,40.2
2011,"Champaign, IL",IL,17019,76.7
2011,"Christian, IL",IL,17021,111.4
2011,"Clark, IL",IL,17023,97.5
2011,"Clay, IL",IL,17025,93.3
2011,"Clinton, IL",IL,17027,28.4
2011,"Coles, IL",IL,17029,110.5
2011,"Cook, IL",IL,17031,47.2
2011,"Crawford, IL",IL,17033,22.4
2011,"Cumberland, IL",IL,17035,?
2011,"DeKalb, IL",IL,17037,63.1
2011,"De Witt, IL",IL,17039,79.2
2011,"Douglas, IL",IL,17041,14.9
2011,"DuPage, IL",IL,17043,54.9
2011,"Edgar, IL",IL,17045,100.6
2011,"Edwards, IL",IL,17047,98.9
2011,"Effingham, IL",IL,17049,125.1
2011,"Fayette, IL",IL,17051,71.5
2011,"Ford, IL",IL,17053,?
2011,"Franklin, IL",IL,17055,158.3
2011,"Fulton, IL",IL,17057,70.8
2011,"Gallatin, IL",IL,17059,?
2011,"Greene, IL",IL,17061,11.4
2011,"Grundy, IL",IL,17063,84.7
2011,"Hamilton, IL",IL,17065,?
2011,"Hancock, IL",IL,17067,21.3
2011,"Hardin, IL",IL,17069,244.7
2011,"Henderson, IL",IL,17071,?
2011,"Henry, IL",IL,17073,67.5
2011,"Iroquois, IL",IL,17075,65.4
2011,"Jackson, IL",IL,17077,130.5
2011,"Jasper, IL",IL,17079,53.4
2011,"Jefferson, IL",IL,17081,124
2011,"Jersey, IL",IL,17083,131.1
2011,"Jo Daviess, IL",IL,17085,40.7
2011,"Johnson, IL",IL,17087,?
2011,"Kane, IL",IL,17089,48.1
2011,"Kankakee, IL",IL,17091,87
2011,"Kendall, IL",IL,17093,65.6
2011,"Knox, IL",IL,17095,103.2
2011,"Lake, IL",IL,17097,59.2
2011,"La Salle, IL",IL,17099,87.5
2011,"Lawrence, IL",IL,17101,97.3
2011,"Lee, IL",IL,17103,64.4
2011,"Livingston, IL",IL,17105,76.8
2011,"Logan, IL",IL,17107,96.2
2011,"McDonough, IL",IL,17109,73.4
2011,"McHenry, IL",IL,17111,70
2011,"McLean, IL",IL,17113,67
2011,"Macon, IL",IL,17115,113
2011,"Macoupin, IL",IL,17117,43.3
2011,"Madison, IL",IL,17119,116.7
2011,"Marion, IL",IL,17121,124.4
2011,"Marshall, IL",IL,17123,27.1
2011,"Mason, IL",IL,17125,70.7
2011,"Massac, IL",IL,17127,130.7
2011,"Menard, IL",IL,17129,?
2011,"Mercer, IL",IL,17131,38.7
2011,"Monroe, IL",IL,17133,97.2
2011,"Montgomery, IL",IL,17135,157.3
2011,"Morgan, IL",IL,17137,124.2
2011,"Moultrie, IL",IL,17139,37.4
2011,"Ogle, IL",IL,17141,29
2011,"Peoria, IL",IL,17143,90.2
2011,"Perry, IL",IL,17145,114
2011,"Piatt, IL",IL,17147,34
2011,"Pike, IL",IL,17149,81.7
2011,"Pope, IL",IL,17151,?
2011,"Pulaski, IL",IL,17153,82.7
2011,"Putnam, IL",IL,17155,?
2011,"Randolph, IL",IL,17157,57.4
2011,"Richland, IL",IL,17159,108.4
2011,"Rock Island, IL",IL,17161,80.9
2011,"St. Clair, IL",IL,17163,86.1
2011,"Saline, IL",IL,17165,227
2011,"Sangamon, IL",IL,17167,118.7
2011,"Schuyler, IL",IL,17169,114.7
2011,"Scott, IL",IL,17171,?
2011,"Shelby, IL",IL,17173,47.9
2011,"Stark, IL",IL,17175,?
2011,"Stephenson, IL",IL,17177,80.6
2011,"Tazewell, IL",IL,17179,98.4
2011,"Union, IL",IL,17181,170.6
2011,"Vermilion, IL",IL,17183,115.6
2011,"Wabash, IL",IL,17185,119.2
2011,"Warren, IL",IL,17187,71.1
2011,"Washington, IL",IL,17189,12.9
2011,"Wayne, IL",IL,17191,95
2011,"White, IL",IL,17193,143.6
2011,"Whiteside, IL",IL,17195,76.4
2011,"Will, IL",IL,17197,59.7
2011,"Williamson, IL",IL,17199,176.9
2011,"Winnebago, IL",IL,17201,110.4
2011,"Woodford, IL",IL,17203,20.3
2011,"Adams, IN",IN,18001,67.9
2011,"Allen, IN",IN,18003,89.7
2011,"Bartholomew, IN",IN,18005,150.8
2011,"Benton, IN",IN,18007,26.1
2011,"Blackford, IN",IN,18009,128.9
2011,"Boone, IN",IN,18011,77.9
2011,"Brown, IN",IN,18013,47.6
2011,"Carroll, IN",IN,18015,39.8
2011,"Cass, IN",IN,18017,85.4
2011,"Clark, IN",IN,18019,143.7
2011,"Clay, IN",IN,18021,127.7
2011,"Clinton, IN",IN,18023,98.6
2011,"Crawford, IN",IN,18025,73.2
2011,"Daviess, IN",IN,18027,106.9
2011,"Dearborn, IN",IN,18029,123.8
2011,"Decatur, IN",IN,18031,96.2
2011,"DeKalb, IN",IN,18033,67.7
2011,"Delaware, IN",IN,18035,142.1
2011,"Dubois, IN",IN,18037,133.8
2011,"Elkhart, IN",IN,18039,88.9
2011,"Fayette, IN",IN,18041,170.9
2011,"Floyd, IN",IN,18043,202.2
2011,"Fountain, IN",IN,18045,133.4
2011,"Franklin, IN",IN,18047,67
2011,"Fulton, IN",IN,18049,114.4
2011,"Gibson, IN",IN,18051,92.8
2011,"Grant, IN",IN,18053,129.4
2011,"Greene, IN",IN,18055,103.2
2011,"Hamilton, IN",IN,18057,67.6
2011,"Hancock, IN",IN,18059,96.2
2011,"Harrison, IN",IN,18061,105.6
2011,"Hendricks, IN",IN,18063,87.3
2011,"Henry, IN",IN,18065,118.4
2011,"Howard, IN",IN,18067,173.9
2011,"Huntington, IN",IN,18069,96.5
2011,"Jackson, IN",IN,18071,140.4
2011,"Jasper, IN",IN,18073,124.9
2011,"Jay, IN",IN,18075,121.4
2011,"Jefferson, IN",IN,18077,158.2
2011,"Jennings, IN",IN,18079,143
2011,"Johnson, IN",IN,18081,107.5
2011,"Knox, IN",IN,18083,135
2011,"Kosciusko, IN",IN,18085,87.4
2011,"LaGrange, IN",IN,18087,27
2011,"Lake, IN",IN,18089,92.6
2011,"LaPorte, IN",IN,18091,117.7
2011,"Lawrence, IN",IN,18093,157.5
2011,"Madison, IN",IN,18095,153.1
2011,"Marion, IN",IN,18097,100.3
2011,"Marshall, IN",IN,18099,88.7
2011,"Martin, IN",IN,18101,113.2
2011,"Miami, IN",IN,18103,75.7
2011,"Monroe, IN",IN,18105,93.7
2011,"Montgomery, IN",IN,18107,119.3
2011,"Morgan, IN",IN,18109,160.1
2011,"Newton, IN",IN,18111,29.1
2011,"Noble, IN",IN,18113,82.4
2011,"Ohio, IN",IN,18115,?
2011,"Orange, IN",IN,18117,133.2
2011,"Owen, IN",IN,18119,85.4
2011,"Parke, IN",IN,18121,63.2
2011,"Perry, IN",IN,18123,114.3
2011,"Pike, IN",IN,18125,129.7
2011,"Porter, IN",IN,18127,100.7
2011,"Posey, IN",IN,18129,69.9
2011,"Pulaski, IN",IN,18131,89.6
2011,"Putnam, IN",IN,18133,90.7
2011,"Randolph, IN",IN,18135,92
2011,"Ripley, IN",IN,18137,109.3
2011,"Rush, IN",IN,18139,105.4
2011,"St. Joseph, IN",IN,18141,96.9
2011,"Scott, IN",IN,18143,238.8
2011,"Shelby, IN",IN,18145,111.1
2011,"Spencer, IN",IN,18147,45.1
2011,"Starke, IN",IN,18149,147.6
2011,"Steuben, IN",IN,18151,106.1
2011,"Sullivan, IN",IN,18153,130
2011,"Switzerland, IN",IN,18155,62.7
2011,"Tippecanoe, IN",IN,18157,84.1
2011,"Tipton, IN",IN,18159,80.8
2011,"Union, IN",IN,18161,64.8
2011,"Vanderburgh, IN",IN,18163,165
2011,"Vermillion, IN",IN,18165,121.6
2011,"Vigo, IN",IN,18167,158.7
2011,"Wabash, IN",IN,18169,108.1
2011,"Warren, IN",IN,18171,?
2011,"Warrick, IN",IN,18173,94.7
2011,"Washington, IN",IN,18175,117.7
2011,"Wayne, IN",IN,18177,127.5
2011,"Wells, IN",IN,18179,73.6
2011,"White, IN",IN,18181,92.1
2011,"Whitley, IN",IN,18183,117.6
2011,"Allen, KS",KS,20001,176.9
2011,"Anderson, KS",KS,20003,?
2011,"Atchison, KS",KS,20005,134.9
2011,"Barber, KS",KS,20007,128.8
2011,"Barton, KS",KS,20009,115.1
2011,"Bourbon, KS",KS,20011,102.7
2011,"Brown, KS",KS,20013,12.9
2011,"Butler, KS",KS,20015,105.4
2011,"Chase, KS",KS,20017,?
2011,"Chautauqua, KS",KS,20019,26.5
2011,"Cherokee, KS",KS,20021,16
2011,"Cheyenne, KS",KS,20023,92.6
2011,"Clark, KS",KS,20025,?
2011,"Clay, KS",KS,20027,83.7
2011,"Cloud, KS",KS,20029,58.3
2011,"Coffey, KS",KS,20031,?
2011,"Comanche, KS",KS,20033,?
2011,"Cowley, KS",KS,20035,93.5
2011,"Crawford, KS",KS,20037,142.8
2011,"Decatur, KS",KS,20039,118.9
2011,"Dickinson, KS",KS,20041,61.1
2011,"Doniphan, KS",KS,20043,?
2011,"Douglas, KS",KS,20045,79.8
2011,"Edwards, KS",KS,20047,?
2011,"Elk, KS",KS,20049,?
2011,"Ellis, KS",KS,20051,134.5
2011,"Ellsworth, KS",KS,20053,80.9
2011,"Finney, KS",KS,20055,93.7
2011,"Ford, KS",KS,20057,89
2011,"Franklin, KS",KS,20059,135.3
2011,"Geary, KS",KS,20061,72.1
2011,"Gove, KS",KS,20063,?
2011,"Graham, KS",KS,20065,166.8
2011,"Grant, KS",KS,20067,?
2011,"Gray, KS",KS,20069,22.1
2011,"Greeley, KS",KS,20071,179.7
2011,"Greenwood, KS",KS,20073,?
2011,"Hamilton, KS",KS,20075,72.2
2011,"Harper, KS",KS,20077,67.4
2011,"Harvey, KS",KS,20079,94.9
2011,"Haskell, KS",KS,20081,?
2011,"Hodgeman, KS",KS,20083,?
2011,"Jackson, KS",KS,20085,41.3
2011,"Jefferson, KS",KS,20087,15.7
2011,"Jewell, KS",KS,20089,?
2011,"Johnson, KS",KS,20091,79.2
2011,"Kearny, KS",KS,20093,62.5
2011,"Kingman, KS",KS,20095,?
2011,"Kiowa, KS",KS,20097,?
2011,"Labette, KS",KS,20099,102.6
2011,"Lane, KS",KS,20101,?
2011,"Leavenworth, KS",KS,20103,57.4
2011,"Lincoln, KS",KS,20105,?
2011,"Linn, KS",KS,20107,?
2011,"Logan, KS",KS,20109,78.6
2011,"Lyon, KS",KS,20111,92.6
2011,"McPherson, KS",KS,20113,82.3
2011,"Marion, KS",KS,20115,36.4
2011,"Marshall, KS",KS,20117,20.5
2011,"Meade, KS",KS,20119,?
2011,"Miami, KS",KS,20121,19.6
2011,"Mitchell, KS",KS,20123,?
2011,"Montgomery, KS",KS,20125,117.2
2011,"Morris, KS",KS,20127,?
2011,"Morton, KS",KS,20129,267.5
2011,"Nemaha, KS",KS,20131,26.1
2011,"Neosho, KS",KS,20133,25.3
2011,"Ness, KS",KS,20135,?
2011,"Norton, KS",KS,20137,88.3
2011,"Osage, KS",KS,20139,?
2011,"Osborne, KS",KS,20141,169.6
2011,"Ottawa, KS",KS,20143,?
2011,"Pawnee, KS",KS,20145,44.5
2011,"Phillips, KS",KS,20147,?
2011,"Pottawatomie, KS",KS,20149,?
2011,"Pratt, KS",KS,20151,198.8
2011,"Rawlins, KS",KS,20153,?
2011,"Reno, KS",KS,20155,113.1
2011,"Republic, KS",KS,20157,108.9
2011,"Rice, KS",KS,20159,37.3
2011,"Riley, KS",KS,20161,79.7
2011,"Rooks, KS",KS,20163,?
2011,"Rush, KS",KS,20165,70
2011,"Russell, KS",KS,20167,?
2011,"Saline, KS",KS,20169,158
2011,"Scott, KS",KS,20171,115.1
2011,"Sedgwick, KS",KS,20173,113.3
2011,"Seward, KS",KS,20175,155
2011,"Shawnee, KS",KS,20177,125.6
2011,"Sheridan, KS",KS,20179,58.8
2011,"Sherman, KS",KS,20181,85.3
2011,"Smith, KS",KS,20183,145.9
2011,"Stafford, KS",KS,20185,?
2011,"Stanton, KS",KS,20187,?
2011,"Stevens, KS",KS,20189,4.5
2011,"Sumner, KS",KS,20191,87.4
2011,"Thomas, KS",KS,20193,120.8
2011,"Trego, KS",KS,20195,119.2
2011,"Wabaunsee, KS",KS,20197,?
2011,"Wallace, KS",KS,20199,?
2011,"Washington, KS",KS,20201,8.2
2011,"Wichita, KS",KS,20203,?
2011,"Wilson, KS",KS,20205,105.4
2011,"Woodson, KS",KS,20207,?
2011,"Wyandotte, KS",KS,20209,77.5
2011,"Adair, KY",KY,21001,122.1
2011,"Allen, KY",KY,21003,114.3
2011,"Anderson, KY",KY,21005,111.9
2011,"Ballard, KY",KY,21007,144.1
2011,"Barren, KY",KY,21009,138.2
2011,"Bath, KY",KY,21011,30.3
2011,"Bell, KY",KY,21013,347.1
2011,"Boone, KY",KY,21015,128.7
2011,"Bourbon, KY",KY,21017,111.1
2011,"Boyd, KY",KY,21019,172.4
2011,"Boyle, KY",KY,21021,187.4
2011,"Bracken, KY",KY,21023,1.1
2011,"Breathitt, KY",KY,21025,204.8
2011,"Breckinridge, KY",KY,21027,63.4
2011,"Bullitt, KY",KY,21029,92.2
2011,"Butler, KY",KY,21031,180.3
2011,"Caldwell, KY",KY,21033,145.6
2011,"Calloway, KY",KY,21035,130.8
2011,"Campbell, KY",KY,21037,117.9
2011,"Carlisle, KY",KY,21039,81.7
2011,"Carroll, KY",KY,21041,192.5
2011,"Carter, KY",KY,21043,130
2011,"Casey, KY",KY,21045,66.5
2011,"Christian, KY",KY,21047,77.6
2011,"Clark, KY",KY,21049,171.8
2011,"Clay, KY",KY,21051,286.1
2011,"Clinton, KY",KY,21053,?
2011,"Crittenden, KY",KY,21055,164.6
2011,"Cumberland, KY",KY,21057,278.6
2011,"Daviess, KY",KY,21059,144.9
2011,"Edmonson, KY",KY,21061,96.4
2011,"Elliott, KY",KY,21063,?
2011,"Estill, KY",KY,21065,202.4
2011,"Fayette, KY",KY,21067,97.3
2011,"Fleming, KY",KY,21069,194.1
2011,"Floyd, KY",KY,21071,426.4
2011,"Franklin, KY",KY,21073,140.8
2011,"Fulton, KY",KY,21075,210.1
2011,"Gallatin, KY",KY,21077,?
2011,"Garrard, KY",KY,21079,68.6
2011,"Grant, KY",KY,21081,210.5
2011,"Graves, KY",KY,21083,118.7
2011,"Grayson, KY",KY,21085,151.4
2011,"Green, KY",KY,21087,97.7
2011,"Greenup, KY",KY,21089,135.8
2011,"Hancock, KY",KY,21091,?
2011,"Hardin, KY",KY,21093,108.3
2011,"Harlan, KY",KY,21095,165.4
2011,"Harrison, KY",KY,21097,116
2011,"Hart, KY",KY,21099,82
2011,"Henderson, KY",KY,21101,151.7
2011,"Henry, KY",KY,21103,74.6
2011,"Hickman, KY",KY,21105,94.6
2011,"Hopkins, KY",KY,21107,167.8
2011,"Jackson, KY",KY,21109,51
2011,"Jefferson, KY",KY,21111,130.8
2011,"Jessamine, KY",KY,21113,117.4
2011,"Johnson, KY",KY,21115,248.8
2011,"Kenton, KY",KY,21117,106.1
2011,"Knott, KY",KY,21119,83.9
2011,"Knox, KY",KY,21121,128.4
2011,"Larue, KY",KY,21123,82.3
2011,"Laurel, KY",KY,21125,160.9
2011,"Lawrence, KY",KY,21127,136.3
2011,"Lee, KY",KY,21129,167.3
2011,"Leslie, KY",KY,21131,187
2011,"Letcher, KY",KY,21133,222.9
2011,"Lewis, KY",KY,21135,47
2011,"Lincoln, KY",KY,21137,93.7
2011,"Livingston, KY",KY,21139,81.4
2011,"Logan, KY",KY,21141,97.1
2011,"Lyon, KY",KY,21143,126.5
2011,"McCracken, KY",KY,21145,227.2
2011,"McCreary, KY",KY,21147,136.5
2011,"McLean, KY",KY,21149,64.6
2011,"Madison, KY",KY,21151,132.5
2011,"Magoffin, KY",KY,21153,170.2
2011,"Marion, KY",KY,21155,128
2011,"Marshall, KY",KY,21157,138.6
2011,"Martin, KY",KY,21159,116.6
2011,"Mason, KY",KY,21161,129
2011,"Meade, KY",KY,21163,67.2
2011,"Menifee, KY",KY,21165,60.6
2011,"Mercer, KY",KY,21167,115.2
2011,"Metcalfe, KY",KY,21169,60.4
2011,"Monroe, KY",KY,21171,188.6
2011,"Montgomery, KY",KY,21173,207.5
2011,"Morgan, KY",KY,21175,69.5
2011,"Muhlenberg, KY",KY,21177,161.2
2011,"Nelson, KY",KY,21179,127.2
2011,"Nicholas, KY",KY,21181,18.4
2011,"Ohio, KY",KY,21183,131
2011,"Oldham, KY",KY,21185,80.3
2011,"Owen, KY",KY,21187,80.2
2011,"Owsley, KY",KY,21189,316
2011,"Pendleton, KY",KY,21191,65.6
2011,"Perry, KY",KY,21193,320.6
2011,"Pike, KY",KY,21195,315.5
2011,"Powell, KY",KY,21197,167.9
2011,"Pulaski, KY",KY,21199,149.7
2011,"Robertson, KY",KY,21201,?
2011,"Rockcastle, KY",KY,21203,100.4
2011,"Rowan, KY",KY,21205,165.2
2011,"Russell, KY",KY,21207,223.6
2011,"Scott, KY",KY,21209,112.3
2011,"Shelby, KY",KY,21211,105.6
2011,"Simpson, KY",KY,21213,165.5
2011,"Spencer, KY",KY,21215,70.4
2011,"Taylor, KY",KY,21217,141.4
2011,"Todd, KY",KY,21219,82.9
2011,"Trigg, KY",KY,21221,120.9
2011,"Trimble, KY",KY,21223,35.4
2011,"Union, KY",KY,21225,149.3
2011,"Warren, KY",KY,21227,137.6
2011,"Washington, KY",KY,21229,57.5
2011,"Wayne, KY",KY,21231,154.5
2011,"Webster, KY",KY,21233,116.1
2011,"Whitley, KY",KY,21235,345.6
2011,"Wolfe, KY",KY,21237,32.2
2011,"Woodford, KY",KY,21239,81.9
2011,"Acadia, LA",LA,22001,96.2
2011,"Allen, LA",LA,22003,93.9
2011,"Ascension, LA",LA,22005,118.6
2011,"Assumption, LA",LA,22007,39.1
2011,"Avoyelles, LA",LA,22009,128.8
2011,"Beauregard, LA",LA,22011,109.7
2011,"Bienville, LA",LA,22013,?
2011,"Bossier, LA",LA,22015,112.5
2011,"Caddo, LA",LA,22017,121.9
2011,"Calcasieu, LA",LA,22019,115.4
2011,"Caldwell, LA",LA,22021,?
2011,"Cameron, LA",LA,22023,?
2011,"Catahoula, LA",LA,22025,102.6
2011,"Claiborne, LA",LA,22027,58.9
2011,"Concordia, LA",LA,22029,78.7
2011,"De Soto, LA",LA,22031,28.6
2011,"East Baton Rouge, LA",LA,22033,121.7
2011,"East Carroll, LA",LA,22035,96.6
2011,"East Feliciana, LA",LA,22037,72.4
2011,"Evangeline, LA",LA,22039,192
2011,"Franklin, LA",LA,22041,105.6
2011,"Grant, LA",LA,22043,4.9
2011,"Iberia, LA",LA,22045,115.6
2011,"Iberville, LA",LA,22047,97
2011,"Jackson, LA",LA,22049,25.2
2011,"Jefferson, LA",LA,22051,123.3
2011,"Jefferson Davis, LA",LA,22053,117
2011,"Lafayette, LA",LA,22055,128.2
2011,"Lafourche, LA",LA,22057,99
2011,"La Salle, LA",LA,22059,105.6
2011,"Lincoln, LA",LA,22061,104.9
2011,"Livingston, LA",LA,22063,125.7
2011,"Madison, LA",LA,22065,?
2011,"Morehouse, LA",LA,22067,111.5
2011,"Natchitoches, LA",LA,22069,82.6
2011,"Orleans, LA",LA,22071,75.3
2011,"Ouachita, LA",LA,22073,128.4
2011,"Plaquemines, LA",LA,22075,?
2011,"Pointe Coupee, LA",LA,22077,89.7
2011,"Rapides, LA",LA,22079,165.6
2011,"Red River, LA",LA,22081,?
2011,"Richland, LA",LA,22083,65.9
2011,"Sabine, LA",LA,22085,96.8
2011,"St. Bernard, LA",LA,22087,127.6
2011,"St. Charles, LA",LA,22089,82.7
2011,"St. Helena, LA",LA,22091,64.4
2011,"St. James, LA",LA,22093,50.9
2011,"St. John the Baptist, LA",LA,22095,87.5
2011,"St. Landry, LA",LA,22097,156.9
2011,"St. Martin, LA",LA,22099,79.2
2011,"St. Mary, LA",LA,22101,126.5
2011,"St. Tammany, LA",LA,22103,138.4
2011,"Tangipahoa, LA",LA,22105,144
2011,"Tensas, LA",LA,22107,?
2011,"Terrebonne, LA",LA,22109,126.4
2011,"Union, LA",LA,22111,50.1
2011,"Vermilion, LA",LA,22113,95.3
2011,"Vernon, LA",LA,22115,72
2011,"Washington, LA",LA,22117,169.6
2011,"Webster, LA",LA,22119,115.7
2011,"West Baton Rouge, LA",LA,22121,92.4
2011,"West Carroll, LA",LA,22123,108.5
2011,"West Feliciana, LA",LA,22125,51
2011,"Winn, LA",LA,22127,26.1
2011,"Barnstable, MA",MA,25001,84.5
2011,"Berkshire, MA",MA,25003,91.1
2011,"Bristol, MA",MA,25005,91.4
2011,"Dukes, MA",MA,25007,85.8
2011,"Essex, MA",MA,25009,66
2011,"Franklin, MA",MA,25011,65.9
2011,"Hampden, MA",MA,25013,90.3
2011,"Hampshire, MA",MA,25015,70.3
2011,"Middlesex, MA",MA,25017,48.8
2011,"Nantucket, MA",MA,25019,47.9
2011,"Norfolk, MA",MA,25021,58.8
2011,"Plymouth, MA",MA,25023,72.3
2011,"Suffolk, MA",MA,25025,48.4
2011,"Worcester, MA",MA,25027,74.3
2011,"Allegany, MD",MD,24001,134.1
2011,"Anne Arundel, MD",MD,24003,84.3
2011,"Baltimore, MD",MD,24005,86.7
2011,"Calvert, MD",MD,24009,111.7
2011,"Caroline, MD",MD,24011,62.9
2011,"Carroll, MD",MD,24013,82.8
2011,"Cecil, MD",MD,24015,112.5
2011,"Charles, MD",MD,24017,100.2
2011,"Dorchester, MD",MD,24019,72.3
2011,"Frederick, MD",MD,24021,87.8
2011,"Garrett, MD",MD,24023,94.1
2011,"Harford, MD",MD,24025,89.5
2011,"Howard, MD",MD,24027,41.6
2011,"Kent, MD",MD,24029,141.2
2011,"Montgomery, MD",MD,24031,42.1
2011,"Prince George?s, MD",MD,24033,49.3
2011,"Queen Anne?s, MD",MD,24035,83.8
2011,"St. Mary?s, MD",MD,24037,73.7
2011,"Somerset, MD",MD,24039,62.4
2011,"Talbot, MD",MD,24041,108.2
2011,"Washington, MD",MD,24043,117.1
2011,"Wicomico, MD",MD,24045,127.9
2011,"Worcester, MD",MD,24047,112.8
2011,"Baltimore City, MD",MD,24510,73
2011,"Androscoggin, ME",ME,23001,109.5
2011,"Aroostook, ME",ME,23003,85.2
2011,"Cumberland, ME",ME,23005,83.5
2011,"Franklin, ME",ME,23007,79
2011,"Hancock, ME",ME,23009,94.8
2011,"Kennebec, ME",ME,23011,122.4
2011,"Knox, ME",ME,23013,71.9
2011,"Lincoln, ME",ME,23015,64
2011,"Oxford, ME",ME,23017,92.6
2011,"Penobscot, ME",ME,23019,110.5
2011,"Piscataquis, ME",ME,23021,119.8
2011,"Sagadahoc, ME",ME,23023,86.1
2011,"Somerset, ME",ME,23025,89.8
2011,"Waldo, ME",ME,23027,66.4
2011,"Washington, ME",ME,23029,85.7
2011,"York, ME",ME,23031,86.7
2011,"Alcona, MI",MI,26001,24.6
2011,"Alger, MI",MI,26003,83
2011,"Allegan, MI",MI,26005,54.2
2011,"Alpena, MI",MI,26007,125
2011,"Antrim, MI",MI,26009,56.7
2011,"Arenac, MI",MI,26011,123.9
2011,"Baraga, MI",MI,26013,105.1
2011,"Barry, MI",MI,26015,35.5
2011,"Bay, MI",MI,26017,106.2
2011,"Benzie, MI",MI,26019,71.3
2011,"Berrien, MI",MI,26021,111.4
2011,"Branch, MI",MI,26023,87.7
2011,"Calhoun, MI",MI,26025,119
2011,"Cass, MI",MI,26027,44.3
2011,"Charlevoix, MI",MI,26029,97.1
2011,"Cheboygan, MI",MI,26031,140
2011,"Chippewa, MI",MI,26033,93.8
2011,"Clare, MI",MI,26035,154.4
2011,"Clinton, MI",MI,26037,43.9
2011,"Crawford, MI",MI,26039,118.9
2011,"Delta, MI",MI,26041,97.2
2011,"Dickinson, MI",MI,26043,129.1
2011,"Eaton, MI",MI,26045,101.2
2011,"Emmet, MI",MI,26047,125.3
2011,"Genesee, MI",MI,26049,131.5
2011,"Gladwin, MI",MI,26051,117.6
2011,"Gogebic, MI",MI,26053,116.2
2011,"Grand Traverse, MI",MI,26055,154.5
2011,"Gratiot, MI",MI,26057,85.1
2011,"Hillsdale, MI",MI,26059,71.1
2011,"Houghton, MI",MI,26061,32.3
2011,"Huron, MI",MI,26063,71.9
2011,"Ingham, MI",MI,26065,96.9
2011,"Ionia, MI",MI,26067,70.5
2011,"Iosco, MI",MI,26069,144.9
2011,"Iron, MI",MI,26071,107.5
2011,"Isabella, MI",MI,26073,87.2
2011,"Jackson, MI",MI,26075,109.3
2011,"Kalamazoo, MI",MI,26077,104.5
2011,"Kalkaska, MI",MI,26079,119.4
2011,"Kent, MI",MI,26081,88.9
2011,"Keweenaw, MI",MI,26083,?
2011,"Lake, MI",MI,26085,?
2011,"Lapeer, MI",MI,26087,91.5
2011,"Leelanau, MI",MI,26089,15.3
2011,"Lenawee, MI",MI,26091,77.3
2011,"Livingston, MI",MI,26093,71.3
2011,"Luce, MI",MI,26095,154
2011,"Mackinac, MI",MI,26097,85.3
2011,"Macomb, MI",MI,26099,116.1
2011,"Manistee, MI",MI,26101,122.7
2011,"Marquette, MI",MI,26103,86.9
2011,"Mason, MI",MI,26105,163.8
2011,"Mecosta, MI",MI,26107,99.8
2011,"Menominee, MI",MI,26109,57.8
2011,"Midland, MI",MI,26111,81.4
2011,"Missaukee, MI",MI,26113,17.5
2011,"Monroe, MI",MI,26115,110.1
2011,"Montcalm, MI",MI,26117,133.3
2011,"Montmorency, MI",MI,26119,66.4
2011,"Muskegon, MI",MI,26121,152.3
2011,"Newaygo, MI",MI,26123,141
2011,"Oakland, MI",MI,26125,87.7
2011,"Oceana, MI",MI,26127,40.4
2011,"Ogemaw, MI",MI,26129,143.3
2011,"Ontonagon, MI",MI,26131,42.1
2011,"Osceola, MI",MI,26133,102.9
2011,"Oscoda, MI",MI,26135,158.4
2011,"Otsego, MI",MI,26137,163.8
2011,"Ottawa, MI",MI,26139,67.4
2011,"Presque Isle, MI",MI,26141,63.8
2011,"Roscommon, MI",MI,26143,185
2011,"Saginaw, MI",MI,26145,107.1
2011,"St. Clair, MI",MI,26147,106.6
2011,"St. Joseph, MI",MI,26149,115.5
2011,"Sanilac, MI",MI,26151,49.8
2011,"Schoolcraft, MI",MI,26153,104.7
2011,"Shiawassee, MI",MI,26155,97.6
2011,"Tuscola, MI",MI,26157,71.9
2011,"Van Buren, MI",MI,26159,109.9
2011,"Washtenaw, MI",MI,26161,62.4
2011,"Wayne, MI",MI,26163,104
2011,"Wexford, MI",MI,26165,168.8
2011,"Aitkin, MN",MN,27001,117.8
2011,"Anoka, MN",MN,27003,68.3
2011,"Becker, MN",MN,27005,57.7
2011,"Beltrami, MN",MN,27007,75.3
2011,"Benton, MN",MN,27009,44.7
2011,"Big Stone, MN",MN,27011,124.7
2011,"Blue Earth, MN",MN,27013,70.6
2011,"Brown, MN",MN,27015,63.2
2011,"Carlton, MN",MN,27017,95.9
2011,"Carver, MN",MN,27019,53.2
2011,"Cass, MN",MN,27021,49.1
2011,"Chippewa, MN",MN,27023,64.3
2011,"Chisago, MN",MN,27025,32.5
2011,"Clay, MN",MN,27027,56.7
2011,"Clearwater, MN",MN,27029,86.3
2011,"Cook, MN",MN,27031,?
2011,"Cottonwood, MN",MN,27033,72.7
2011,"Crow Wing, MN",MN,27035,77.5
2011,"Dakota, MN",MN,27037,62.6
2011,"Dodge, MN",MN,27039,20.7
2011,"Douglas, MN",MN,27041,102.4
2011,"Faribault, MN",MN,27043,54.9
2011,"Fillmore, MN",MN,27045,21.5
2011,"Freeborn, MN",MN,27047,40.6
2011,"Goodhue, MN",MN,27049,60.7
2011,"Grant, MN",MN,27051,54.7
2011,"Hennepin, MN",MN,27053,55.1
2011,"Houston, MN",MN,27055,?
2011,"Hubbard, MN",MN,27057,71.2
2011,"Isanti, MN",MN,27059,53.4
2011,"Itasca, MN",MN,27061,93.7
2011,"Jackson, MN",MN,27063,35.7
2011,"Kanabec, MN",MN,27065,75.1
2011,"Kandiyohi, MN",MN,27067,69.9
2011,"Kittson, MN",MN,27069,33.1
2011,"Koochiching, MN",MN,27071,80.4
2011,"Lac qui Parle, MN",MN,27073,54
2011,"Lake, MN",MN,27075,?
2011,"Lake of the Woods, MN",MN,27077,79.6
2011,"Le Sueur, MN",MN,27079,26.1
2011,"Lincoln, MN",MN,27081,60.4
2011,"Lyon, MN",MN,27083,51.9
2011,"McLeod, MN",MN,27085,75.8
2011,"Mahnomen, MN",MN,27087,77.9
2011,"Marshall, MN",MN,27089,27.8
2011,"Martin, MN",MN,27091,110.4
2011,"Meeker, MN",MN,27093,50.8
2011,"Mille Lacs, MN",MN,27095,84.5
2011,"Morrison, MN",MN,27097,67.7
2011,"Mower, MN",MN,27099,71.5
2011,"Murray, MN",MN,27101,34.6
2011,"Nicollet, MN",MN,27103,30.3
2011,"Nobles, MN",MN,27105,58.3
2011,"Norman, MN",MN,27107,59.1
2011,"Olmsted, MN",MN,27109,38.8
2011,"Otter Tail, MN",MN,27111,61.8
2011,"Pennington, MN",MN,27113,129.9
2011,"Pine, MN",MN,27115,42.8
2011,"Pipestone, MN",MN,27117,70.3
2011,"Polk, MN",MN,27119,59.4
2011,"Pope, MN",MN,27121,59
2011,"Ramsey, MN",MN,27123,57.4
2011,"Red Lake, MN",MN,27125,40.2
2011,"Redwood, MN",MN,27127,50
2011,"Renville, MN",MN,27129,32.5
2011,"Rice, MN",MN,27131,52.6
2011,"Rock, MN",MN,27133,50.5
2011,"Roseau, MN",MN,27135,50.7
2011,"St. Louis, MN",MN,27137,95.1
2011,"Scott, MN",MN,27139,44.7
2011,"Sherburne, MN",MN,27141,54.6
2011,"Sibley, MN",MN,27143,20.9
2011,"Stearns, MN",MN,27145,60.4
2011,"Steele, MN",MN,27147,58.3
2011,"Stevens, MN",MN,27149,52.5
2011,"Swift, MN",MN,27151,61.6
2011,"Todd, MN",MN,27153,30.6
2011,"Traverse, MN",MN,27155,41.7
2011,"Wabasha, MN",MN,27157,?
2011,"Wadena, MN",MN,27159,193.2
2011,"Waseca, MN",MN,27161,43.3
2011,"Washington, MN",MN,27163,72.7
2011,"Watonwan, MN",MN,27165,35.5
2011,"Wilkin, MN",MN,27167,95.7
2011,"Winona, MN",MN,27169,64.4
2011,"Wright, MN",MN,27171,51.6
2011,"Yellow Medicine, MN",MN,27173,38.8
2011,"Adair, MO",MO,29001,120.6
2011,"Andrew, MO",MO,29003,?
2011,"Atchison, MO",MO,29005,32.2
2011,"Audrain, MO",MO,29007,98.8
2011,"Barry, MO",MO,29009,92.8
2011,"Barton, MO",MO,29011,59.5
2011,"Bates, MO",MO,29013,37.3
2011,"Benton, MO",MO,29015,96.5
2011,"Bollinger, MO",MO,29017,50.3
2011,"Boone, MO",MO,29019,57.2
2011,"Buchanan, MO",MO,29021,139.2
2011,"Butler, MO",MO,29023,258.9
2011,"Caldwell, MO",MO,29025,?
2011,"Callaway, MO",MO,29027,61.1
2011,"Camden, MO",MO,29029,130.1
2011,"Cape Girardeau, MO",MO,29031,140.4
2011,"Carroll, MO",MO,29033,122.2
2011,"Carter, MO",MO,29035,?
2011,"Cass, MO",MO,29037,114.6
2011,"Cedar, MO",MO,29039,?
2011,"Chariton, MO",MO,29041,?
2011,"Christian, MO",MO,29043,105.9
2011,"Clark, MO",MO,29045,?
2011,"Clay, MO",MO,29047,96.7
2011,"Clinton, MO",MO,29049,28.5
2011,"Cole, MO",MO,29051,149.4
2011,"Cooper, MO",MO,29053,19.2
2011,"Crawford, MO",MO,29055,54.4
2011,"Dade, MO",MO,29057,105.8
2011,"Dallas, MO",MO,29059,29
2011,"Daviess, MO",MO,29061,27
2011,"DeKalb, MO",MO,29063,?
2011,"Dent, MO",MO,29065,99.2
2011,"Douglas, MO",MO,29067,52
2011,"Dunklin, MO",MO,29069,141.3
2011,"Franklin, MO",MO,29071,113.5
2011,"Gasconade, MO",MO,29073,32.3
2011,"Gentry, MO",MO,29075,32.4
2011,"Greene, MO",MO,29077,142.3
2011,"Grundy, MO",MO,29079,103
2011,"Harrison, MO",MO,29081,91.1
2011,"Henry, MO",MO,29083,128.6
2011,"Hickory, MO",MO,29085,?
2011,"Holt, MO",MO,29087,?
2011,"Howard, MO",MO,29089,?
2011,"Howell, MO",MO,29091,164.4
2011,"Iron, MO",MO,29093,?
2011,"Jackson, MO",MO,29095,88.3
2011,"Jasper, MO",MO,29097,160.2
2011,"Jefferson, MO",MO,29099,91
2011,"Johnson, MO",MO,29101,57.3
2011,"Knox, MO",MO,29103,?
2011,"Laclede, MO",MO,29105,162.1
2011,"Lafayette, MO",MO,29107,11.3
2011,"Lawrence, MO",MO,29109,44.8
2011,"Lewis, MO",MO,29111,44.4
2011,"Lincoln, MO",MO,29113,104.3
2011,"Linn, MO",MO,29115,78.4
2011,"Livingston, MO",MO,29117,135.3
2011,"McDonald, MO",MO,29119,55
2011,"Macon, MO",MO,29121,36
2011,"Madison, MO",MO,29123,149.5
2011,"Maries, MO",MO,29125,?
2011,"Marion, MO",MO,29127,113.8
2011,"Mercer, MO",MO,29129,46.8
2011,"Miller, MO",MO,29131,88.3
2011,"Mississippi, MO",MO,29133,49.5
2011,"Moniteau, MO",MO,29135,12.5
2011,"Monroe, MO",MO,29137,?
2011,"Montgomery, MO",MO,29139,84.1
2011,"Morgan, MO",MO,29141,32.9
2011,"New Madrid, MO",MO,29143,56.2
2011,"Newton, MO",MO,29145,47.8
2011,"Nodaway, MO",MO,29147,65.4
2011,"Oregon, MO",MO,29149,35.1
2011,"Osage, MO",MO,29151,1.1
2011,"Ozark, MO",MO,29153,58.6
2011,"Pemiscot, MO",MO,29155,160
2011,"Perry, MO",MO,29157,94.4
2011,"Pettis, MO",MO,29159,97.5
2011,"Phelps, MO",MO,29161,181.8
2011,"Pike, MO",MO,29163,34.4
2011,"Platte, MO",MO,29165,75.9
2011,"Polk, MO",MO,29167,176.2
2011,"Pulaski, MO",MO,29169,62.3
2011,"Putnam, MO",MO,29171,?
2011,"Ralls, MO",MO,29173,?
2011,"Randolph, MO",MO,29175,108.4
2011,"Ray, MO",MO,29177,57.9
2011,"Reynolds, MO",MO,29179,?
2011,"Ripley, MO",MO,29181,168.8
2011,"St. Charles, MO",MO,29183,88.8
2011,"St. Clair, MO",MO,29185,?
2011,"Ste. Genevieve, MO",MO,29186,42.7
2011,"St. Francois, MO",MO,29187,162.1
2011,"St. Louis, MO",MO,29189,81.3
2011,"Saline, MO",MO,29195,25.7
2011,"Schuyler, MO",MO,29197,?
2011,"Scotland, MO",MO,29199,100.5
2011,"Scott, MO",MO,29201,144.5
2011,"Shannon, MO",MO,29203,?
2011,"Shelby, MO",MO,29205,38.7
2011,"Stoddard, MO",MO,29207,47.2
2011,"Stone, MO",MO,29209,99.7
2011,"Sullivan, MO",MO,29211,?
2011,"Taney, MO",MO,29213,150.9
2011,"Texas, MO",MO,29215,46.8
2011,"Vernon, MO",MO,29217,115.3
2011,"Warren, MO",MO,29219,83.3
2011,"Washington, MO",MO,29221,118.4
2011,"Wayne, MO",MO,29223,27.8
2011,"Webster, MO",MO,29225,105.6
2011,"Worth, MO",MO,29227,?
2011,"Wright, MO",MO,29229,154.4
2011,"St. Louis City, MO",MO,29510,62.4
2011,"Adams, MS",MS,28001,206.9
2011,"Alcorn, MS",MS,28003,246.4
2011,"Amite, MS",MS,28005,67.2
2011,"Attala, MS",MS,28007,121.2
2011,"Benton, MS",MS,28009,85.5
2011,"Bolivar, MS",MS,28011,98.3
2011,"Calhoun, MS",MS,28013,73.1
2011,"Carroll, MS",MS,28015,?
2011,"Chickasaw, MS",MS,28017,101.9
2011,"Choctaw, MS",MS,28019,?
2011,"Claiborne, MS",MS,28021,94
2011,"Clarke, MS",MS,28023,84.6
2011,"Clay, MS",MS,28025,126.8
2011,"Coahoma, MS",MS,28027,80.3
2011,"Copiah, MS",MS,28029,99.3
2011,"Covington, MS",MS,28031,88.8
2011,"DeSoto, MS",MS,28033,121.7
2011,"Forrest, MS",MS,28035,250.7
2011,"Franklin, MS",MS,28037,108.7
2011,"George, MS",MS,28039,185.1
2011,"Greene, MS",MS,28041,6.9
2011,"Grenada, MS",MS,28043,166.9
2011,"Hancock, MS",MS,28045,102.8
2011,"Harrison, MS",MS,28047,149.7
2011,"Hinds, MS",MS,28049,77.5
2011,"Holmes, MS",MS,28051,37.9
2011,"Humphreys, MS",MS,28053,46
2011,"Issaquena, MS",MS,28055,?
2011,"Itawamba, MS",MS,28057,125.8
2011,"Jackson, MS",MS,28059,147.7
2011,"Jasper, MS",MS,28061,?
2011,"Jefferson, MS",MS,28063,?
2011,"Jefferson Davis, MS",MS,28065,133
2011,"Jones, MS",MS,28067,156.3
2011,"Kemper, MS",MS,28069,?
2011,"Lafayette, MS",MS,28071,93.9
2011,"Lamar, MS",MS,28073,39.7
2011,"Lauderdale, MS",MS,28075,168.6
2011,"Lawrence, MS",MS,28077,113.5
2011,"Leake, MS",MS,28079,73.5
2011,"Lee, MS",MS,28081,135.1
2011,"Leflore, MS",MS,28083,100.8
2011,"Lincoln, MS",MS,28085,133.8
2011,"Lowndes, MS",MS,28087,174.3
2011,"Madison, MS",MS,28089,75.6
2011,"Marion, MS",MS,28091,242.5
2011,"Marshall, MS",MS,28093,45.2
2011,"Monroe, MS",MS,28095,118.2
2011,"Montgomery, MS",MS,28097,83
2011,"Neshoba, MS",MS,28099,212.7
2011,"Newton, MS",MS,28101,43.8
2011,"Noxubee, MS",MS,28103,101.6
2011,"Oktibbeha, MS",MS,28105,67.1
2011,"Panola, MS",MS,28107,128.9
2011,"Pearl River, MS",MS,28109,152.6
2011,"Perry, MS",MS,28111,46.3
2011,"Pike, MS",MS,28113,135.2
2011,"Pontotoc, MS",MS,28115,133
2011,"Prentiss, MS",MS,28117,133.5
2011,"Quitman, MS",MS,28119,?
2011,"Rankin, MS",MS,28121,112.4
2011,"Scott, MS",MS,28123,100.1
2011,"Sharkey, MS",MS,28125,43.1
2011,"Simpson, MS",MS,28127,158.2
2011,"Smith, MS",MS,28129,20.6
2011,"Stone, MS",MS,28131,139.3
2011,"Sunflower, MS",MS,28133,53.7
2011,"Tallahatchie, MS",MS,28135,9.1
2011,"Tate, MS",MS,28137,138.4
2011,"Tippah, MS",MS,28139,136
2011,"Tishomingo, MS",MS,28141,123.3
2011,"Tunica, MS",MS,28143,?
2011,"Union, MS",MS,28145,136.6
2011,"Walthall, MS",MS,28147,57.4
2011,"Warren, MS",MS,28149,146.9
2011,"Washington, MS",MS,28151,89.8
2011,"Wayne, MS",MS,28153,203.5
2011,"Webster, MS",MS,28155,?
2011,"Wilkinson, MS",MS,28157,21.6
2011,"Winston, MS",MS,28159,107.3
2011,"Yalobusha, MS",MS,28161,52.2
2011,"Yazoo, MS",MS,28163,59.3
2011,"Beaverhead, MT",MT,30001,66.1
2011,"Big Horn, MT",MT,30003,9.3
2011,"Blaine, MT",MT,30005,46.3
2011,"Broadwater, MT",MT,30007,49.6
2011,"Carbon, MT",MT,30009,?
2011,"Carter, MT",MT,30011,?
2011,"Cascade, MT",MT,30013,117.8
2011,"Chouteau, MT",MT,30015,44.6
2011,"Custer, MT",MT,30017,102.6
2011,"Daniels, MT",MT,30019,?
2011,"Dawson, MT",MT,30021,93.1
2011,"Deer Lodge, MT",MT,30023,98.6
2011,"Fallon, MT",MT,30025,?
2011,"Fergus, MT",MT,30027,77.5
2011,"Flathead, MT",MT,30029,112.7
2011,"Gallatin, MT",MT,30031,56.8
2011,"Garfield, MT",MT,30033,?
2011,"Glacier, MT",MT,30035,57.3
2011,"Golden Valley, MT",MT,30037,?
2011,"Granite, MT",MT,30039,?
2011,"Hill, MT",MT,30041,128.6
2011,"Jefferson, MT",MT,30043,13.5
2011,"Judith Basin, MT",MT,30045,?
2011,"Lake, MT",MT,30047,92.5
2011,"Lewis and Clark, MT",MT,30049,83.9
2011,"Liberty, MT",MT,30051,?
2011,"Lincoln, MT",MT,30053,147.5
2011,"McCone, MT",MT,30055,?
2011,"Madison, MT",MT,30057,29.6
2011,"Meagher, MT",MT,30059,80.2
2011,"Mineral, MT",MT,30061,?
2011,"Missoula, MT",MT,30063,108.1
2011,"Musselshell, MT",MT,30065,?
2011,"Park, MT",MT,30067,39.3
2011,"Petroleum, MT",MT,30069,?
2011,"Phillips, MT",MT,30071,65
2011,"Pondera, MT",MT,30073,17.5
2011,"Powder River, MT",MT,30075,67.9
2011,"Powell, MT",MT,30077,78.4
2011,"Prairie, MT",MT,30079,?
2011,"Ravalli, MT",MT,30081,99.4
2011,"Richland, MT",MT,30083,69.6
2011,"Roosevelt, MT",MT,30085,26.2
2011,"Rosebud, MT",MT,30087,40.3
2011,"Sanders, MT",MT,30089,65.9
2011,"Sheridan, MT",MT,30091,20.7
2011,"Silver Bow, MT",MT,30093,119.6
2011,"Stillwater, MT",MT,30095,52.3
2011,"Sweet Grass, MT",MT,30097,?
2011,"Teton, MT",MT,30099,85.5
2011,"Toole, MT",MT,30101,48.6
2011,"Treasure, MT",MT,30103,?
2011,"Valley, MT",MT,30105,50.5
2011,"Wheatland, MT",MT,30107,?
2011,"Wibaux, MT",MT,30109,?
2011,"Yellowstone, MT",MT,30111,98.1
2011,"Alamance, NC",NC,37001,98.7
2011,"Alexander, NC",NC,37003,21.8
2011,"Alleghany, NC",NC,37005,103.1
2011,"Anson, NC",NC,37007,59.5
2011,"Ashe, NC",NC,37009,93.6
2011,"Avery, NC",NC,37011,115.8
2011,"Beaufort, NC",NC,37013,146.5
2011,"Bertie, NC",NC,37015,70.4
2011,"Bladen, NC",NC,37017,90.8
2011,"Brunswick, NC",NC,37019,119.1
2011,"Buncombe, NC",NC,37021,105.7
2011,"Burke, NC",NC,37023,153.1
2011,"Cabarrus, NC",NC,37025,115.7
2011,"Caldwell, NC",NC,37027,141.5
2011,"Camden, NC",NC,37029,?
2011,"Carteret, NC",NC,37031,114.3
2011,"Caswell, NC",NC,37033,?
2011,"Catawba, NC",NC,37035,139.2
2011,"Chatham, NC",NC,37037,48.4
2011,"Cherokee, NC",NC,37039,143.7
2011,"Chowan, NC",NC,37041,103.6
2011,"Clay, NC",NC,37043,116.7
2011,"Cleveland, NC",NC,37045,154.3
2011,"Columbus, NC",NC,37047,174.5
2011,"Craven, NC",NC,37049,160.8
2011,"Cumberland, NC",NC,37051,94.2
2011,"Currituck, NC",NC,37053,22.8
2011,"Dare, NC",NC,37055,138.5
2011,"Davidson, NC",NC,37057,93.1
2011,"Davie, NC",NC,37059,100.4
2011,"Duplin, NC",NC,37061,80.3
2011,"Durham, NC",NC,37063,65.8
2011,"Edgecombe, NC",NC,37065,47.4
2011,"Forsyth, NC",NC,37067,94
2011,"Franklin, NC",NC,37069,55.2
2011,"Gaston, NC",NC,37071,141.8
2011,"Gates, NC",NC,37073,?
2011,"Graham, NC",NC,37075,109.6
2011,"Granville, NC",NC,37077,77.3
2011,"Greene, NC",NC,37079,33.3
2011,"Guilford, NC",NC,37081,88.2
2011,"Halifax, NC",NC,37083,124.4
2011,"Harnett, NC",NC,37085,72.1
2011,"Haywood, NC",NC,37087,100.2
2011,"Henderson, NC",NC,37089,101.8
2011,"Hertford, NC",NC,37091,115.9
2011,"Hoke, NC",NC,37093,35.2
2011,"Hyde, NC",NC,37095,?
2011,"Iredell, NC",NC,37097,112.4
2011,"Jackson, NC",NC,37099,97.1
2011,"Johnston, NC",NC,37101,72
2011,"Jones, NC",NC,37103,?
2011,"Lee, NC",NC,37105,168
2011,"Lenoir, NC",NC,37107,97.5
2011,"Lincoln, NC",NC,37109,114.9
2011,"McDowell, NC",NC,37111,91.4
2011,"Macon, NC",NC,37113,110.3
2011,"Madison, NC",NC,37115,79.6
2011,"Martin, NC",NC,37117,73.8
2011,"Mecklenburg, NC",NC,37119,65.9
2011,"Mitchell, NC",NC,37121,123.7
2011,"Montgomery, NC",NC,37123,63.1
2011,"Moore, NC",NC,37125,118.3
2011,"Nash, NC",NC,37127,114.9
2011,"New Hanover, NC",NC,37129,119
2011,"Northampton, NC",NC,37131,?
2011,"Onslow, NC",NC,37133,91.6
2011,"Orange, NC",NC,37135,46.2
2011,"Pamlico, NC",NC,37137,66.1
2011,"Pasquotank, NC",NC,37139,134
2011,"Pender, NC",NC,37141,54.5
2011,"Perquimans, NC",NC,37143,42.7
2011,"Person, NC",NC,37145,94.3
2011,"Pitt, NC",NC,37147,98.7
2011,"Polk, NC",NC,37149,64.2
2011,"Randolph, NC",NC,37151,85.3
2011,"Richmond, NC",NC,37153,159
2011,"Robeson, NC",NC,37155,118.9
2011,"Rockingham, NC",NC,37157,150.7
2011,"Rowan, NC",NC,37159,97.6
2011,"Rutherford, NC",NC,37161,78.4
2011,"Sampson, NC",NC,37163,89.4
2011,"Scotland, NC",NC,37165,157
2011,"Stanly, NC",NC,37167,126.1
2011,"Stokes, NC",NC,37169,88.7
2011,"Surry, NC",NC,37171,183.3
2011,"Swain, NC",NC,37173,98.2
2011,"Transylvania, NC",NC,37175,117.7
2011,"Tyrrell, NC",NC,37177,?
2011,"Union, NC",NC,37179,74.6
2011,"Vance, NC",NC,37181,146
2011,"Wake, NC",NC,37183,67.2
2011,"Warren, NC",NC,37185,29.2
2011,"Washington, NC",NC,37187,75
2011,"Watauga, NC",NC,37189,89
2011,"Wayne, NC",NC,37191,76.2
2011,"Wilkes, NC",NC,37193,109.9
2011,"Wilson, NC",NC,37195,102.8
2011,"Yadkin, NC",NC,37197,90.7
2011,"Yancey, NC",NC,37199,96.2
2011,"Adams, ND",ND,38001,152
2011,"Barnes, ND",ND,38003,90.9
2011,"Benson, ND",ND,38005,4.9
2011,"Billings, ND",ND,38007,?
2011,"Bottineau, ND",ND,38009,43.9
2011,"Bowman, ND",ND,38011,68.1
2011,"Burke, ND",ND,38013,?
2011,"Burleigh, ND",ND,38015,84.9
2011,"Cass, ND",ND,38017,50.6
2011,"Cavalier, ND",ND,38019,?
2011,"Dickey, ND",ND,38021,74.1
2011,"Divide, ND",ND,38023,15.7
2011,"Dunn, ND",ND,38025,38.1
2011,"Eddy, ND",ND,38027,87.7
2011,"Emmons, ND",ND,38029,65.5
2011,"Foster, ND",ND,38031,97.2
2011,"Golden Valley, ND",ND,38033,62.2
2011,"Grand Forks, ND",ND,38035,66.7
2011,"Grant, ND",ND,38037,11.6
2011,"Griggs, ND",ND,38039,12.3
2011,"Hettinger, ND",ND,38041,33.1
2011,"Kidder, ND",ND,38043,43.3
2011,"LaMoure, ND",ND,38045,34.6
2011,"Logan, ND",ND,38047,8.2
2011,"McHenry, ND",ND,38049,5.3
2011,"McIntosh, ND",ND,38051,53.8
2011,"McKenzie, ND",ND,38053,59.9
2011,"McLean, ND",ND,38055,56.3
2011,"Mercer, ND",ND,38057,76.7
2011,"Morton, ND",ND,38059,60.4
2011,"Mountrail, ND",ND,38061,20.3
2011,"Nelson, ND",ND,38063,?
2011,"Oliver, ND",ND,38065,?
2011,"Pembina, ND",ND,38067,64.8
2011,"Pierce, ND",ND,38069,107.7
2011,"Ramsey, ND",ND,38071,151.2
2011,"Ransom, ND",ND,38073,91.5
2011,"Renville, ND",ND,38075,37
2011,"Richland, ND",ND,38077,41
2011,"Rolette, ND",ND,38079,14.1
2011,"Sargent, ND",ND,38081,?
2011,"Sheridan, ND",ND,38083,?
2011,"Sioux, ND",ND,38085,?
2011,"Slope, ND",ND,38087,?
2011,"Stark, ND",ND,38089,91.1
2011,"Steele, ND",ND,38091,?
2011,"Stutsman, ND",ND,38093,94.2
2011,"Towner, ND",ND,38095,7
2011,"Traill, ND",ND,38097,8.3
2011,"Walsh, ND",ND,38099,56.8
2011,"Ward, ND",ND,38101,66.4
2011,"Wells, ND",ND,38103,15.8
2011,"Williams, ND",ND,38105,79.9
2011,"Adams, NE",NE,31001,81.3
2011,"Antelope, NE",NE,31003,54.1
2011,"Arthur, NE",NE,31005,?
2011,"Banner, NE",NE,31007,?
2011,"Blaine, NE",NE,31009,?
2011,"Boone, NE",NE,31011,?
2011,"Box Butte, NE",NE,31013,48.4
2011,"Boyd, NE",NE,31015,?
2011,"Brown, NE",NE,31017,50
2011,"Buffalo, NE",NE,31019,86.6
2011,"Burt, NE",NE,31021,23.3
2011,"Butler, NE",NE,31023,72.8
2011,"Cass, NE",NE,31025,22.2
2011,"Cedar, NE",NE,31027,32.4
2011,"Chase, NE",NE,31029,86.6
2011,"Cherry, NE",NE,31031,67.9
2011,"Cheyenne, NE",NE,31033,72.5
2011,"Clay, NE",NE,31035,?
2011,"Colfax, NE",NE,31037,?
2011,"Cuming, NE",NE,31039,21.8
2011,"Custer, NE",NE,31041,83.6
2011,"Dakota, NE",NE,31043,62.7
2011,"Dawes, NE",NE,31045,55.4
2011,"Dawson, NE",NE,31047,46.4
2011,"Deuel, NE",NE,31049,?
2011,"Dixon, NE",NE,31051,11.6
2011,"Dodge, NE",NE,31053,107.5
2011,"Douglas, NE",NE,31055,72.9
2011,"Dundy, NE",NE,31057,112.3
2011,"Fillmore, NE",NE,31059,?
2011,"Franklin, NE",NE,31061,?
2011,"Frontier, NE",NE,31063,?
2011,"Furnas, NE",NE,31065,?
2011,"Gage, NE",NE,31067,79
2011,"Garden, NE",NE,31069,79.2
2011,"Garfield, NE",NE,31071,?
2011,"Gosper, NE",NE,31073,?
2011,"Grant, NE",NE,31075,?
2011,"Greeley, NE",NE,31077,?
2011,"Hall, NE",NE,31079,90.8
2011,"Hamilton, NE",NE,31081,60.5
2011,"Harlan, NE",NE,31083,79.4
2011,"Hayes, NE",NE,31085,?
2011,"Hitchcock, NE",NE,31087,?
2011,"Holt, NE",NE,31089,65.8
2011,"Hooker, NE",NE,31091,?
2011,"Howard, NE",NE,31093,81.8
2011,"Jefferson, NE",NE,31095,68.7
2011,"Johnson, NE",NE,31097,?
2011,"Kearney, NE",NE,31099,78.5
2011,"Keith, NE",NE,31101,132.5
2011,"Keya Paha, NE",NE,31103,?
2011,"Kimball, NE",NE,31105,?
2011,"Knox, NE",NE,31107,30
2011,"Lancaster, NE",NE,31109,72.4
2011,"Lincoln, NE",NE,31111,103.4
2011,"Logan, NE",NE,31113,?
2011,"Loup, NE",NE,31115,?
2011,"McPherson, NE",NE,31117,?
2011,"Madison, NE",NE,31119,92.8
2011,"Merrick, NE",NE,31121,65.7
2011,"Morrill, NE",NE,31123,35.8
2011,"Nance, NE",NE,31125,?
2011,"Nemaha, NE",NE,31127,97.5
2011,"Nuckolls, NE",NE,31129,126.2
2011,"Otoe, NE",NE,31131,108
2011,"Pawnee, NE",NE,31133,5.4
2011,"Perkins, NE",NE,31135,?
2011,"Phelps, NE",NE,31137,90.8
2011,"Pierce, NE",NE,31139,31.6
2011,"Platte, NE",NE,31141,76.7
2011,"Polk, NE",NE,31143,32.5
2011,"Red Willow, NE",NE,31145,116.1
2011,"Richardson, NE",NE,31147,46.1
2011,"Rock, NE",NE,31149,?
2011,"Saline, NE",NE,31151,73.3
2011,"Sarpy, NE",NE,31153,62.6
2011,"Saunders, NE",NE,31155,55.8
2011,"Scotts Bluff, NE",NE,31157,110.2
2011,"Seward, NE",NE,31159,38.2
2011,"Sheridan, NE",NE,31161,46
2011,"Sherman, NE",NE,31163,?
2011,"Sioux, NE",NE,31165,?
2011,"Stanton, NE",NE,31167,?
2011,"Thayer, NE",NE,31169,?
2011,"Thomas, NE",NE,31171,?
2011,"Thurston, NE",NE,31173,34.9
2011,"Valley, NE",NE,31175,?
2011,"Washington, NE",NE,31177,63.1
2011,"Wayne, NE",NE,31179,44.6
2011,"Webster, NE",NE,31181,?
2011,"Wheeler, NE",NE,31183,?
2011,"York, NE",NE,31185,107.5
2011,"Belknap, NH",NH,33001,88.8
2011,"Carroll, NH",NH,33003,82.7
2011,"Cheshire, NH",NH,33005,78.5
2011,"Coos, NH",NH,33007,77.4
2011,"Grafton, NH",NH,33009,84.1
2011,"Hillsborough, NH",NH,33011,74.7
2011,"Merrimack, NH",NH,33013,87.9
2011,"Rockingham, NH",NH,33015,76.2
2011,"Strafford, NH",NH,33017,105.2
2011,"Sullivan, NH",NH,33019,64.2
2011,"Atlantic, NJ",NJ,34001,83.4
2011,"Bergen, NJ",NJ,34003,50.9
2011,"Burlington, NJ",NJ,34005,72.2
2011,"Camden, NJ",NJ,34007,90
2011,"Cape May, NJ",NJ,34009,98.6
2011,"Cumberland, NJ",NJ,34011,95.4
2011,"Essex, NJ",NJ,34013,44.6
2011,"Gloucester, NJ",NJ,34015,85.7
2011,"Hudson, NJ",NJ,34017,40.9
2011,"Hunterdon, NJ",NJ,34019,48.6
2011,"Mercer, NJ",NJ,34021,59.9
2011,"Middlesex, NJ",NJ,34023,55.9
2011,"Monmouth, NJ",NJ,34025,71
2011,"Morris, NJ",NJ,34027,52.1
2011,"Ocean, NJ",NJ,34029,84.9
2011,"Passaic, NJ",NJ,34031,51.9
2011,"Salem, NJ",NJ,34033,79.5
2011,"Somerset, NJ",NJ,34035,43.6
2011,"Sussex, NJ",NJ,34037,62.2
2011,"Union, NJ",NJ,34039,51.2
2011,"Warren, NJ",NJ,34041,75
2011,"Bernalillo, NM",NM,35001,87.5
2011,"Catron, NM",NM,35003,?
2011,"Chaves, NM",NM,35005,106.8
2011,"Cibola, NM",NM,35006,12.2
2011,"Colfax, NM",NM,35007,22.3
2011,"Curry, NM",NM,35009,89.9
2011,"De Baca, NM",NM,35011,?
2011,"Dona Ana, NM",NM,35013,64.2
2011,"Eddy, NM",NM,35015,101.8
2011,"Grant, NM",NM,35017,125.9
2011,"Guadalupe, NM",NM,35019,?
2011,"Harding, NM",NM,35021,?
2011,"Hidalgo, NM",NM,35023,?
2011,"Lea, NM",NM,35025,86.9
2011,"Lincoln, NM",NM,35027,139.2
2011,"Los Alamos, NM",NM,35028,58.5
2011,"Luna, NM",NM,35029,69.5
2011,"McKinley, NM",NM,35031,32.4
2011,"Mora, NM",NM,35033,?
2011,"Otero, NM",NM,35035,82.2
2011,"Quay, NM",NM,35037,93.6
2011,"Rio Arriba, NM",NM,35039,106.2
2011,"Roosevelt, NM",NM,35041,21
2011,"Sandoval, NM",NM,35043,63.4
2011,"San Juan, NM",NM,35045,74.7
2011,"San Miguel, NM",NM,35047,101.8
2011,"Santa Fe, NM",NM,35049,109.7
2011,"Sierra, NM",NM,35051,129.6
2011,"Socorro, NM",NM,35053,71.2
2011,"Taos, NM",NM,35055,112.4
2011,"Torrance, NM",NM,35057,29.5
2011,"Union, NM",NM,35059,58.6
2011,"Valencia, NM",NM,35061,92.7
2011,"Churchill, NV",NV,32001,118.7
2011,"Clark, NV",NV,32003,97.9
2011,"Douglas, NV",NV,32005,113.6
2011,"Elko, NV",NV,32007,84.5
2011,"Esmeralda, NV",NV,32009,?
2011,"Eureka, NV",NV,32011,?
2011,"Humboldt, NV",NV,32013,80.6
2011,"Lander, NV",NV,32015,?
2011,"Lincoln, NV",NV,32017,101.2
2011,"Lyon, NV",NV,32019,97.5
2011,"Mineral, NV",NV,32021,156.4
2011,"Nye, NV",NV,32023,143.5
2011,"Pershing, NV",NV,32027,?
2011,"Storey, NV",NV,32029,?
2011,"Washoe, NV",NV,32031,103.3
2011,"White Pine, NV",NV,32033,149.1
2011,"Carson City, NV",NV,32510,153
2011,"Albany, NY",NY,36001,62.9
2011,"Allegany, NY",NY,36003,68.5
2011,"Bronx, NY",NY,36005,38.2
2011,"Broome, NY",NY,36007,87.6
2011,"Cattaraugus, NY",NY,36009,85.8
2011,"Cayuga, NY",NY,36011,35.5
2011,"Chautauqua, NY",NY,36013,93.4
2011,"Chemung, NY",NY,36015,103.6
2011,"Chenango, NY",NY,36017,71.9
2011,"Clinton, NY",NY,36019,40
2011,"Columbia, NY",NY,36021,67.9
2011,"Cortland, NY",NY,36023,43.2
2011,"Delaware, NY",NY,36025,78.1
2011,"Dutchess, NY",NY,36027,68.8
2011,"Erie, NY",NY,36029,83.3
2011,"Essex, NY",NY,36031,27.6
2011,"Franklin, NY",NY,36033,26.6
2011,"Fulton, NY",NY,36035,81.6
2011,"Genesee, NY",NY,36037,68.1
2011,"Greene, NY",NY,36039,77.3
2011,"Hamilton, NY",NY,36041,?
2011,"Herkimer, NY",NY,36043,41.8
2011,"Jefferson, NY",NY,36045,26.6
2011,"Kings, NY",NY,36047,29
2011,"Lewis, NY",NY,36049,14.5
2011,"Livingston, NY",NY,36051,53.9
2011,"Madison, NY",NY,36053,47.9
2011,"Monroe, NY",NY,36055,62.3
2011,"Montgomery, NY",NY,36057,94.5
2011,"Nassau, NY",NY,36059,51.7
2011,"New York, NY",NY,36061,48.4
2011,"Niagara, NY",NY,36063,93.2
2011,"Oneida, NY",NY,36065,67.9
2011,"Onondaga, NY",NY,36067,54.6
2011,"Ontario, NY",NY,36069,56.7
2011,"Orange, NY",NY,36071,70.4
2011,"Orleans, NY",NY,36073,54.8
2011,"Oswego, NY",NY,36075,41.8
2011,"Otsego, NY",NY,36077,61.3
2011,"Putnam, NY",NY,36079,44.6
2011,"Queens, NY",NY,36081,28.9
2011,"Rensselaer, NY",NY,36083,64.5
2011,"Richmond, NY",NY,36085,60.6
2011,"Rockland, NY",NY,36087,39.4
2011,"St. Lawrence, NY",NY,36089,22.3
2011,"Saratoga, NY",NY,36091,59
2011,"Schenectady, NY",NY,36093,70.8
2011,"Schoharie, NY",NY,36095,33.3
2011,"Schuyler, NY",NY,36097,35.5
2011,"Seneca, NY",NY,36099,30.6
2011,"Steuben, NY",NY,36101,70.8
2011,"Suffolk, NY",NY,36103,70.2
2011,"Sullivan, NY",NY,36105,99.7
2011,"Tioga, NY",NY,36107,43.7
2011,"Tompkins, NY",NY,36109,45.3
2011,"Ulster, NY",NY,36111,73
2011,"Warren, NY",NY,36113,94
2011,"Washington, NY",NY,36115,74.6
2011,"Wayne, NY",NY,36117,62.5
2011,"Westchester, NY",NY,36119,44.1
2011,"Wyoming, NY",NY,36121,53.1
2011,"Yates, NY",NY,36123,60.8
2011,"Adams, OH",OH,39001,139.8
2011,"Allen, OH",OH,39003,121.3
2011,"Ashland, OH",OH,39005,53.5
2011,"Ashtabula, OH",OH,39007,100.8
2011,"Athens, OH",OH,39009,108.4
2011,"Auglaize, OH",OH,39011,44.5
2011,"Belmont, OH",OH,39013,144
2011,"Brown, OH",OH,39015,113.3
2011,"Butler, OH",OH,39017,106.8
2011,"Carroll, OH",OH,39019,53.3
2011,"Champaign, OH",OH,39021,86.5
2011,"Clark, OH",OH,39023,123.5
2011,"Clermont, OH",OH,39025,120.6
2011,"Clinton, OH",OH,39027,140.8
2011,"Columbiana, OH",OH,39029,105.1
2011,"Coshocton, OH",OH,39031,86.9
2011,"Crawford, OH",OH,39033,118.8
2011,"Cuyahoga, OH",OH,39035,80.1
2011,"Darke, OH",OH,39037,62.1
2011,"Defiance, OH",OH,39039,92.4
2011,"Delaware, OH",OH,39041,75.4
2011,"Erie, OH",OH,39043,123.5
2011,"Fairfield, OH",OH,39045,99.4
2011,"Fayette, OH",OH,39047,126.3
2011,"Franklin, OH",OH,39049,115.9
2011,"Fulton, OH",OH,39051,89
2011,"Gallia, OH",OH,39053,162.7
2011,"Geauga, OH",OH,39055,66.7
2011,"Greene, OH",OH,39057,97.1
2011,"Guernsey, OH",OH,39059,119.1
2011,"Hamilton, OH",OH,39061,104.1
2011,"Hancock, OH",OH,39063,86
2011,"Hardin, OH",OH,39065,87.5
2011,"Harrison, OH",OH,39067,74.6
2011,"Henry, OH",OH,39069,64.8
2011,"Highland, OH",OH,39071,131
2011,"Hocking, OH",OH,39073,99.3
2011,"Holmes, OH",OH,39075,40.5
2011,"Huron, OH",OH,39077,122.1
2011,"Jackson, OH",OH,39079,196
2011,"Jefferson, OH",OH,39081,152.1
2011,"Knox, OH",OH,39083,58.5
2011,"Lake, OH",OH,39085,89.7
2011,"Lawrence, OH",OH,39087,111.1
2011,"Licking, OH",OH,39089,84.4
2011,"Logan, OH",OH,39091,113.6
2011,"Lorain, OH",OH,39093,93.6
2011,"Lucas, OH",OH,39095,111.2
2011,"Madison, OH",OH,39097,70.1
2011,"Mahoning, OH",OH,39099,127.2
2011,"Marion, OH",OH,39101,125.5
2011,"Medina, OH",OH,39103,87.8
2011,"Meigs, OH",OH,39105,113.2
2011,"Mercer, OH",OH,39107,48.8
2011,"Miami, OH",OH,39109,73.6
2011,"Monroe, OH",OH,39111,61.5
2011,"Montgomery, OH",OH,39113,120.2
2011,"Morgan, OH",OH,39115,50.4
2011,"Morrow, OH",OH,39117,55.3
2011,"Muskingum, OH",OH,39119,131.7
2011,"Noble, OH",OH,39121,50.2
2011,"Ottawa, OH",OH,39123,78.5
2011,"Paulding, OH",OH,39125,54.4
2011,"Perry, OH",OH,39127,108.3
2011,"Pickaway, OH",OH,39129,95.9
2011,"Pike, OH",OH,39131,125.5
2011,"Portage, OH",OH,39133,85.5
2011,"Preble, OH",OH,39135,80.2
2011,"Putnam, OH",OH,39137,46
2011,"Richland, OH",OH,39139,106.5
2011,"Ross, OH",OH,39141,158.3
2011,"Sandusky, OH",OH,39143,87.2
2011,"Scioto, OH",OH,39145,135.2
2011,"Seneca, OH",OH,39147,79.7
2011,"Shelby, OH",OH,39149,80.6
2011,"Stark, OH",OH,39151,117.1
2011,"Summit, OH",OH,39153,110.7
2011,"Trumbull, OH",OH,39155,113.6
2011,"Tuscarawas, OH",OH,39157,93.7
2011,"Union, OH",OH,39159,83.9
2011,"Van Wert, OH",OH,39161,58
2011,"Vinton, OH",OH,39163,18.3
2011,"Warren, OH",OH,39165,89.2
2011,"Washington, OH",OH,39167,158.4
2011,"Wayne, OH",OH,39169,76.1
2011,"Williams, OH",OH,39171,76.1
2011,"Wood, OH",OH,39173,55.8
2011,"Wyandot, OH",OH,39175,67.8
2011,"Adair, OK",OK,40001,25
2011,"Alfalfa, OK",OK,40003,?
2011,"Atoka, OK",OK,40005,34
2011,"Beaver, OK",OK,40007,?
2011,"Beckham, OK",OK,40009,162
2011,"Blaine, OK",OK,40011,2.1
2011,"Bryan, OK",OK,40013,162.8
2011,"Caddo, OK",OK,40015,95.1
2011,"Canadian, OK",OK,40017,119.1
2011,"Carter, OK",OK,40019,201.8
2011,"Cherokee, OK",OK,40021,139.6
2011,"Choctaw, OK",OK,40023,83.6
2011,"Cimarron, OK",OK,40025,65.5
2011,"Cleveland, OK",OK,40027,118.1
2011,"Coal, OK",OK,40029,2
2011,"Comanche, OK",OK,40031,99
2011,"Cotton, OK",OK,40033,?
2011,"Craig, OK",OK,40035,146.3
2011,"Creek, OK",OK,40037,137.1
2011,"Custer, OK",OK,40039,157
2011,"Delaware, OK",OK,40041,123.7
2011,"Dewey, OK",OK,40043,?
2011,"Ellis, OK",OK,40045,65.2
2011,"Garfield, OK",OK,40047,122.3
2011,"Garvin, OK",OK,40049,90.4
2011,"Grady, OK",OK,40051,76.3
2011,"Grant, OK",OK,40053,20.2
2011,"Greer, OK",OK,40055,44.4
2011,"Harmon, OK",OK,40057,241.7
2011,"Harper, OK",OK,40059,?
2011,"Haskell, OK",OK,40061,70.2
2011,"Hughes, OK",OK,40063,83.1
2011,"Jackson, OK",OK,40065,180.4
2011,"Jefferson, OK",OK,40067,31.4
2011,"Johnston, OK",OK,40069,?
2011,"Kay, OK",OK,40071,128.1
2011,"Kingfisher, OK",OK,40073,61.3
2011,"Kiowa, OK",OK,40075,40.3
2011,"Latimer, OK",OK,40077,67.7
2011,"Le Flore, OK",OK,40079,102.2
2011,"Lincoln, OK",OK,40081,20.7
2011,"Logan, OK",OK,40083,65.2
2011,"Love, OK",OK,40085,?
2011,"McClain, OK",OK,40087,204.1
2011,"McCurtain, OK",OK,40089,99.9
2011,"McIntosh, OK",OK,40091,53.5
2011,"Major, OK",OK,40093,?
2011,"Marshall, OK",OK,40095,44.7
2011,"Mayes, OK",OK,40097,43.4
2011,"Murray, OK",OK,40099,207.5
2011,"Muskogee, OK",OK,40101,121.9
2011,"Noble, OK",OK,40103,28.6
2011,"Nowata, OK",OK,40105,76.5
2011,"Okfuskee, OK",OK,40107,?
2011,"Oklahoma, OK",OK,40109,152.9
2011,"Okmulgee, OK",OK,40111,139
2011,"Osage, OK",OK,40113,32.9
2011,"Ottawa, OK",OK,40115,107.6
2011,"Pawnee, OK",OK,40117,120.7
2011,"Payne, OK",OK,40119,102.1
2011,"Pittsburg, OK",OK,40121,227.8
2011,"Pontotoc, OK",OK,40123,140.3
2011,"Pottawatomie, OK",OK,40125,190.6
2011,"Pushmataha, OK",OK,40127,?
2011,"Roger Mills, OK",OK,40129,?
2011,"Rogers, OK",OK,40131,144.4
2011,"Seminole, OK",OK,40133,89.1
2011,"Sequoyah, OK",OK,40135,69.1
2011,"Stephens, OK",OK,40137,168.1
2011,"Texas, OK",OK,40139,29.5
2011,"Tillman, OK",OK,40141,108.2
2011,"Tulsa, OK",OK,40143,141.4
2011,"Wagoner, OK",OK,40145,52.3
2011,"Washington, OK",OK,40147,94.5
2011,"Washita, OK",OK,40149,?
2011,"Woods, OK",OK,40151,55.1
2011,"Woodward, OK",OK,40153,142.4
2011,"Baker, OR",OR,41001,143.2
2011,"Benton, OR",OR,41003,61.6
2011,"Clackamas, OR",OR,41005,94.6
2011,"Clatsop, OR",OR,41007,187.2
2011,"Columbia, OR",OR,41009,95.1
2011,"Coos, OR",OR,41011,172.8
2011,"Crook, OR",OR,41013,120.6
2011,"Curry, OR",OR,41015,151.3
2011,"Deschutes, OR",OR,41017,115.1
2011,"Douglas, OR",OR,41019,128
2011,"Gilliam, OR",OR,41021,?
2011,"Grant, OR",OR,41023,103.1
2011,"Harney, OR",OR,41025,128.7
2011,"Hood River, OR",OR,41027,107.1
2011,"Jackson, OR",OR,41029,142.9
2011,"Jefferson, OR",OR,41031,42.1
2011,"Josephine, OR",OR,41033,151.7
2011,"Klamath, OR",OR,41035,106.1
2011,"Lake, OR",OR,41037,120.9
2011,"Lane, OR",OR,41039,119.4
2011,"Lincoln, OR",OR,41041,164
2011,"Linn, OR",OR,41043,130.5
2011,"Malheur, OR",OR,41045,132.9
2011,"Marion, OR",OR,41047,87.3
2011,"Morrow, OR",OR,41049,19.2
2011,"Multnomah, OR",OR,41051,78.8
2011,"Polk, OR",OR,41053,66.6
2011,"Sherman, OR",OR,41055,?
2011,"Tillamook, OR",OR,41057,113.4
2011,"Umatilla, OR",OR,41059,112.8
2011,"Union, OR",OR,41061,118.5
2011,"Wallowa, OR",OR,41063,88.2
2011,"Wasco, OR",OR,41065,183.9
2011,"Washington, OR",OR,41067,73.7
2011,"Wheeler, OR",OR,41069,?
2011,"Yamhill, OR",OR,41071,97.1
2011,"Adams, PA",PA,42001,48
2011,"Allegheny, PA",PA,42003,89.4
2011,"Armstrong, PA",PA,42005,97.2
2011,"Beaver, PA",PA,42007,87.6
2011,"Bedford, PA",PA,42009,67.1
2011,"Berks, PA",PA,42011,65.8
2011,"Blair, PA",PA,42013,116.9
2011,"Bradford, PA",PA,42015,66.1
2011,"Bucks, PA",PA,42017,82.6
2011,"Butler, PA",PA,42019,84.1
2011,"Cambria, PA",PA,42021,117.7
2011,"Cameron, PA",PA,42023,142
2011,"Carbon, PA",PA,42025,76.9
2011,"Centre, PA",PA,42027,57.4
2011,"Chester, PA",PA,42029,57.2
2011,"Clarion, PA",PA,42031,71.1
2011,"Clearfield, PA",PA,42033,79.1
2011,"Clinton, PA",PA,42035,66.5
2011,"Columbia, PA",PA,42037,76.6
2011,"Crawford, PA",PA,42039,106.4
2011,"Cumberland, PA",PA,42041,81.6
2011,"Dauphin, PA",PA,42043,76.6
2011,"Delaware, PA",PA,42045,82
2011,"Elk, PA",PA,42047,87
2011,"Erie, PA",PA,42049,101
2011,"Fayette, PA",PA,42051,130.1
2011,"Forest, PA",PA,42053,39.8
2011,"Franklin, PA",PA,42055,68.9
2011,"Fulton, PA",PA,42057,?
2011,"Greene, PA",PA,42059,76.6
2011,"Huntingdon, PA",PA,42061,52.7
2011,"Indiana, PA",PA,42063,76.9
2011,"Jefferson, PA",PA,42065,86.3
2011,"Juniata, PA",PA,42067,64.6
2011,"Lackawanna, PA",PA,42069,123.9
2011,"Lancaster, PA",PA,42071,65.7
2011,"Lawrence, PA",PA,42073,119
2011,"Lebanon, PA",PA,42075,65.1
2011,"Lehigh, PA",PA,42077,54.7
2011,"Luzerne, PA",PA,42079,98.7
2011,"Lycoming, PA",PA,42081,107.2
2011,"McKean, PA",PA,42083,104
2011,"Mercer, PA",PA,42085,127
2011,"Mifflin, PA",PA,42087,91.6
2011,"Monroe, PA",PA,42089,93.6
2011,"Montgomery, PA",PA,42091,73.5
2011,"Montour, PA",PA,42093,77.4
2011,"Northampton, PA",PA,42095,77
2011,"Northumberland, PA",PA,42097,97.3
2011,"Perry, PA",PA,42099,66.7
2011,"Philadelphia, PA",PA,42101,84
2011,"Pike, PA",PA,42103,61.2
2011,"Potter, PA",PA,42105,83.6
2011,"Schuylkill, PA",PA,42107,84.7
2011,"Snyder, PA",PA,42109,75.5
2011,"Somerset, PA",PA,42111,66
2011,"Sullivan, PA",PA,42113,42
2011,"Susquehanna, PA",PA,42115,66.2
2011,"Tioga, PA",PA,42117,89.7
2011,"Union, PA",PA,42119,60.9
2011,"Venango, PA",PA,42121,89.3
2011,"Warren, PA",PA,42123,65
2011,"Washington, PA",PA,42125,89
2011,"Wayne, PA",PA,42127,93.6
2011,"Westmoreland, PA",PA,42129,82.3
2011,"Wyoming, PA",PA,42131,89.1
2011,"York, PA",PA,42133,72.3
2011,"Bristol, RI",RI,44001,56.4
2011,"Kent, RI",RI,44003,98.7
2011,"Newport, RI",RI,44005,72.5
2011,"Providence, RI",RI,44007,81.6
2011,"Washington, RI",RI,44009,82.9
2011,"Abbeville, SC",SC,45001,55.3
2011,"Aiken, SC",SC,45003,98.1
2011,"Allendale, SC",SC,45005,57.4
2011,"Anderson, SC",SC,45007,104
2011,"Bamberg, SC",SC,45009,82.4
2011,"Barnwell, SC",SC,45011,107
2011,"Beaufort, SC",SC,45013,69.7
2011,"Berkeley, SC",SC,45015,62.4
2011,"Calhoun, SC",SC,45017,?
2011,"Charleston, SC",SC,45019,86.1
2011,"Cherokee, SC",SC,45021,124.9
2011,"Chester, SC",SC,45023,72.2
2011,"Chesterfield, SC",SC,45025,94.3
2011,"Clarendon, SC",SC,45027,55.1
2011,"Colleton, SC",SC,45029,127.1
2011,"Darlington, SC",SC,45031,150.1
2011,"Dillon, SC",SC,45033,110
2011,"Dorchester, SC",SC,45035,99
2011,"Edgefield, SC",SC,45037,43.2
2011,"Fairfield, SC",SC,45039,68.8
2011,"Florence, SC",SC,45041,128.3
2011,"Georgetown, SC",SC,45043,101.2
2011,"Greenville, SC",SC,45045,112.4
2011,"Greenwood, SC",SC,45047,114.4
2011,"Hampton, SC",SC,45049,71.8
2011,"Horry, SC",SC,45051,119.6
2011,"Jasper, SC",SC,45053,59.1
2011,"Kershaw, SC",SC,45055,72.2
2011,"Lancaster, SC",SC,45057,106.5
2011,"Laurens, SC",SC,45059,84.2
2011,"Lee, SC",SC,45061,31.1
2011,"Lexington, SC",SC,45063,97.3
2011,"McCormick, SC",SC,45065,?
2011,"Marion, SC",SC,45067,98.5
2011,"Marlboro, SC",SC,45069,100.2
2011,"Newberry, SC",SC,45071,87.8
2011,"Oconee, SC",SC,45073,146.2
2011,"Orangeburg, SC",SC,45075,92.1
2011,"Pickens, SC",SC,45077,107.2
2011,"Richland, SC",SC,45079,74.6
2011,"Saluda, SC",SC,45081,50.2
2011,"Spartanburg, SC",SC,45083,126.7
2011,"Sumter, SC",SC,45085,75.9
2011,"Union, SC",SC,45087,133.1
2011,"Williamsburg, SC",SC,45089,88.3
2011,"York, SC",SC,45091,86.5
2011,"Aurora, SD",SD,46003,?
2011,"Beadle, SD",SD,46005,68.6
2011,"Bennett, SD",SD,46007,?
2011,"Bon Homme, SD",SD,46009,?
2011,"Brookings, SD",SD,46011,38.7
2011,"Brown, SD",SD,46013,64.5
2011,"Brule, SD",SD,46015,90.7
2011,"Buffalo, SD",SD,46017,?
2011,"Butte, SD",SD,46019,18.1
2011,"Campbell, SD",SD,46021,?
2011,"Charles Mix, SD",SD,46023,33.9
2011,"Clark, SD",SD,46025,?
2011,"Clay, SD",SD,46027,61.5
2011,"Codington, SD",SD,46029,82.4
2011,"Corson, SD",SD,46031,?
2011,"Custer, SD",SD,46033,43
2011,"Davison, SD",SD,46035,114.8
2011,"Day, SD",SD,46037,?
2011,"Deuel, SD",SD,46039,?
2011,"Dewey, SD",SD,46041,?
2011,"Douglas, SD",SD,46043,57.5
2011,"Edmunds, SD",SD,46045,46.8
2011,"Fall River, SD",SD,46047,69.2
2011,"Faulk, SD",SD,46049,13
2011,"Grant, SD",SD,46051,66.9
2011,"Gregory, SD",SD,46053,86.3
2011,"Haakon, SD",SD,46055,104.7
2011,"Hamlin, SD",SD,46057,?
2011,"Hand, SD",SD,46059,15.5
2011,"Hanson, SD",SD,46061,?
2011,"Harding, SD",SD,46063,?
2011,"Hughes, SD",SD,46065,103
2011,"Hutchinson, SD",SD,46067,89.4
2011,"Hyde, SD",SD,46069,?
2011,"Jackson, SD",SD,46071,?
2011,"Jerauld, SD",SD,46073,17.4
2011,"Jones, SD",SD,46075,?
2011,"Kingsbury, SD",SD,46077,49.8
2011,"Lake, SD",SD,46079,27.9
2011,"Lawrence, SD",SD,46081,96.2
2011,"Lincoln, SD",SD,46083,23.3
2011,"Lyman, SD",SD,46085,25.4
2011,"McCook, SD",SD,46087,36.7
2011,"McPherson, SD",SD,46089,45.5
2011,"Marshall, SD",SD,46091,56.7
2011,"Meade, SD",SD,46093,11.7
2011,"Mellette, SD",SD,46095,?
2011,"Miner, SD",SD,46097,32.6
2011,"Minnehaha, SD",SD,46099,62.4
2011,"Moody, SD",SD,46101,28.7
2011,"Pennington, SD",SD,46103,85.9
2011,"Perkins, SD",SD,46105,40.9
2011,"Potter, SD",SD,46107,35.4
2011,"Roberts, SD",SD,46109,25.3
2011,"Sanborn, SD",SD,46111,?
2011,"Shannon, SD",SD,46113,?
2011,"Spink, SD",SD,46115,?
2011,"Stanley, SD",SD,46117,?
2011,"Sully, SD",SD,46119,?
2011,"Todd, SD",SD,46121,17.2
2011,"Tripp, SD",SD,46123,78.9
2011,"Turner, SD",SD,46125,33
2011,"Union, SD",SD,46127,64.7
2011,"Walworth, SD",SD,46129,84
2011,"Yankton, SD",SD,46135,82.2
2011,"Ziebach, SD",SD,46137,?
2011,"Anderson, TN",TN,47001,209.8
2011,"Bedford, TN",TN,47003,120.4
2011,"Benton, TN",TN,47005,62.6
2011,"Bledsoe, TN",TN,47007,104
2011,"Blount, TN",TN,47009,131
2011,"Bradley, TN",TN,47011,183.7
2011,"Campbell, TN",TN,47013,257.3
2011,"Cannon, TN",TN,47015,136.3
2011,"Carroll, TN",TN,47017,210.4
2011,"Carter, TN",TN,47019,136.8
2011,"Cheatham, TN",TN,47021,86.2
2011,"Chester, TN",TN,47023,111.2
2011,"Claiborne, TN",TN,47025,203.3
2011,"Clay, TN",TN,47027,198.8
2011,"Cocke, TN",TN,47029,224.4
2011,"Coffee, TN",TN,47031,219.9
2011,"Crockett, TN",TN,47033,54.2
2011,"Cumberland, TN",TN,47035,181.9
2011,"Davidson, TN",TN,47037,114.2
2011,"Decatur, TN",TN,47039,157.9
2011,"DeKalb, TN",TN,47041,227.5
2011,"Dickson, TN",TN,47043,168.5
2011,"Dyer, TN",TN,47045,182.7
2011,"Fayette, TN",TN,47047,75.9
2011,"Fentress, TN",TN,47049,306.4
2011,"Franklin, TN",TN,47051,140.9
2011,"Gibson, TN",TN,47053,128.9
2011,"Giles, TN",TN,47055,107.5
2011,"Grainger, TN",TN,47057,133
2011,"Greene, TN",TN,47059,163.7
2011,"Grundy, TN",TN,47061,206.4
2011,"Hamblen, TN",TN,47063,261.7
2011,"Hamilton, TN",TN,47065,171.2
2011,"Hancock, TN",TN,47067,124
2011,"Hardeman, TN",TN,47069,94.3
2011,"Hardin, TN",TN,47071,186.4
2011,"Hawkins, TN",TN,47073,109.7
2011,"Haywood, TN",TN,47075,87.3
2011,"Henderson, TN",TN,47077,147.7
2011,"Henry, TN",TN,47079,220.7
2011,"Hickman, TN",TN,47081,41.6
2011,"Houston, TN",TN,47083,81
2011,"Humphreys, TN",TN,47085,124.7
2011,"Jackson, TN",TN,47087,68.9
2011,"Jefferson, TN",TN,47089,172.9
2011,"Johnson, TN",TN,47091,162.1
2011,"Knox, TN",TN,47093,156.7
2011,"Lake, TN",TN,47095,154.8
2011,"Lauderdale, TN",TN,47097,99.9
2011,"Lawrence, TN",TN,47099,186.3
2011,"Lewis, TN",TN,47101,49.6
2011,"Lincoln, TN",TN,47103,146.1
2011,"Loudon, TN",TN,47105,134.2
2011,"McMinn, TN",TN,47107,191.1
2011,"McNairy, TN",TN,47109,187.2
2011,"Macon, TN",TN,47111,151.8
2011,"Madison, TN",TN,47113,160.2
2011,"Marion, TN",TN,47115,161.8
2011,"Marshall, TN",TN,47117,162
2011,"Maury, TN",TN,47119,163.8
2011,"Meigs, TN",TN,47121,?
2011,"Monroe, TN",TN,47123,150
2011,"Montgomery, TN",TN,47125,114.3
2011,"Moore, TN",TN,47127,13.1
2011,"Morgan, TN",TN,47129,136
2011,"Obion, TN",TN,47131,124.1
2011,"Overton, TN",TN,47133,142.3
2011,"Perry, TN",TN,47135,138.1
2011,"Pickett, TN",TN,47137,248.3
2011,"Polk, TN",TN,47139,27
2011,"Putnam, TN",TN,47141,173
2011,"Rhea, TN",TN,47143,176.5
2011,"Roane, TN",TN,47145,195.6
2011,"Robertson, TN",TN,47147,155.5
2011,"Rutherford, TN",TN,47149,111.2
2011,"Scott, TN",TN,47151,118.3
2011,"Sequatchie, TN",TN,47153,253.9
2011,"Sevier, TN",TN,47155,151.8
2011,"Shelby, TN",TN,47157,91.9
2011,"Smith, TN",TN,47159,212
2011,"Stewart, TN",TN,47161,50.9
2011,"Sullivan, TN",TN,47163,240.6
2011,"Sumner, TN",TN,47165,110.6
2011,"Tipton, TN",TN,47167,80.1
2011,"Trousdale, TN",TN,47169,309.3
2011,"Unicoi, TN",TN,47171,233.8
2011,"Union, TN",TN,47173,146.6
2011,"Van Buren, TN",TN,47175,?
2011,"Warren, TN",TN,47177,201.3
2011,"Washington, TN",TN,47179,156
2011,"Wayne, TN",TN,47181,198.3
2011,"Weakley, TN",TN,47183,90
2011,"White, TN",TN,47185,177.7
2011,"Williamson, TN",TN,47187,70.8
2011,"Wilson, TN",TN,47189,111.6
2011,"Anderson, TX",TX,48001,97.8
2011,"Andrews, TX",TX,48003,58.1
2011,"Angelina, TX",TX,48005,125.2
2011,"Aransas, TX",TX,48007,103
2011,"Archer, TX",TX,48009,?
2011,"Armstrong, TX",TX,48011,18.3
2011,"Atascosa, TX",TX,48013,88.8
2011,"Austin, TX",TX,48015,49.1
2011,"Bailey, TX",TX,48017,72.2
2011,"Bandera, TX",TX,48019,?
2011,"Bastrop, TX",TX,48021,72.1
2011,"Baylor, TX",TX,48023,100.3
2011,"Bee, TX",TX,48025,64
2011,"Bell, TX",TX,48027,72.1
2011,"Bexar, TX",TX,48029,68.7
2011,"Blanco, TX",TX,48031,13.8
2011,"Borden, TX",TX,48033,?
2011,"Bosque, TX",TX,48035,46.2
2011,"Bowie, TX",TX,48037,165.6
2011,"Brazoria, TX",TX,48039,76.1
2011,"Brazos, TX",TX,48041,71.9
2011,"Brewster, TX",TX,48043,96
2011,"Briscoe, TX",TX,48045,?
2011,"Brooks, TX",TX,48047,72.5
2011,"Brown, TX",TX,48049,144.1
2011,"Burleson, TX",TX,48051,61.7
2011,"Burnet, TX",TX,48053,135.1
2011,"Caldwell, TX",TX,48055,53.7
2011,"Calhoun, TX",TX,48057,110
2011,"Callahan, TX",TX,48059,?
2011,"Cameron, TX",TX,48061,38.6
2011,"Camp, TX",TX,48063,125.8
2011,"Carson, TX",TX,48065,?
2011,"Cass, TX",TX,48067,32.7
2011,"Castro, TX",TX,48069,?
2011,"Chambers, TX",TX,48071,11
2011,"Cherokee, TX",TX,48073,76.9
2011,"Childress, TX",TX,48075,194.9
2011,"Clay, TX",TX,48077,?
2011,"Cochran, TX",TX,48079,?
2011,"Coke, TX",TX,48081,?
2011,"Coleman, TX",TX,48083,?
2011,"Collin, TX",TX,48085,66.9
2011,"Collingsworth, TX",TX,48087,?
2011,"Colorado, TX",TX,48089,71
2011,"Comal, TX",TX,48091,97.1
2011,"Comanche, TX",TX,48093,87.8
2011,"Concho, TX",TX,48095,?
2011,"Cooke, TX",TX,48097,110.4
2011,"Coryell, TX",TX,48099,71.9
2011,"Cottle, TX",TX,48101,?
2011,"Crane, TX",TX,48103,68.3
2011,"Crockett, TX",TX,48105,53.1
2011,"Crosby, TX",TX,48107,10.3
2011,"Culberson, TX",TX,48109,?
2011,"Dallam, TX",TX,48111,109.6
2011,"Dallas, TX",TX,48113,64.9
2011,"Dawson, TX",TX,48115,70.8
2011,"Deaf Smith, TX",TX,48117,57.5
2011,"Delta, TX",TX,48119,?
2011,"Denton, TX",TX,48121,76.5
2011,"DeWitt, TX",TX,48123,62.9
2011,"Dickens, TX",TX,48125,?
2011,"Dimmit, TX",TX,48127,88.9
2011,"Donley, TX",TX,48129,?
2011,"Duval, TX",TX,48131,15.7
2011,"Eastland, TX",TX,48133,76.7
2011,"Ector, TX",TX,48135,90.6
2011,"Edwards, TX",TX,48137,?
2011,"Ellis, TX",TX,48139,81.7
2011,"El Paso, TX",TX,48141,43.3
2011,"Erath, TX",TX,48143,92.1
2011,"Falls, TX",TX,48145,55.8
2011,"Fannin, TX",TX,48147,51.7
2011,"Fayette, TX",TX,48149,64.7
2011,"Fisher, TX",TX,48151,?
2011,"Floyd, TX",TX,48153,19.3
2011,"Foard, TX",TX,48155,61.8
2011,"Fort Bend, TX",TX,48157,46.6
2011,"Franklin, TX",TX,48159,56.1
2011,"Freestone, TX",TX,48161,58.9
2011,"Frio, TX",TX,48163,51.4
2011,"Gaines, TX",TX,48165,48.1
2011,"Galveston, TX",TX,48167,96.9
2011,"Garza, TX",TX,48169,?
2011,"Gillespie, TX",TX,48171,88.2
2011,"Glasscock, TX",TX,48173,?
2011,"Goliad, TX",TX,48175,?
2011,"Gonzales, TX",TX,48177,62.5
2011,"Gray, TX",TX,48179,122.2
2011,"Grayson, TX",TX,48181,151.4
2011,"Gregg, TX",TX,48183,192.2
2011,"Grimes, TX",TX,48185,27.8
2011,"Guadalupe, TX",TX,48187,54.2
2011,"Hale, TX",TX,48189,68.7
2011,"Hall, TX",TX,48191,?
2011,"Hamilton, TX",TX,48193,?
2011,"Hansford, TX",TX,48195,?
2011,"Hardeman, TX",TX,48197,74.7
2011,"Hardin, TX",TX,48199,109.4
2011,"Harris, TX",TX,48201,65.4
2011,"Harrison, TX",TX,48203,82.1
2011,"Hartley, TX",TX,48205,?
2011,"Haskell, TX",TX,48207,?
2011,"Hays, TX",TX,48209,74.6
2011,"Hemphill, TX",TX,48211,?
2011,"Henderson, TX",TX,48213,91.2
2011,"Hidalgo, TX",TX,48215,34.8
2011,"Hill, TX",TX,48217,90.2
2011,"Hockley, TX",TX,48219,100.4
2011,"Hood, TX",TX,48221,122.1
2011,"Hopkins, TX",TX,48223,121.5
2011,"Houston, TX",TX,48225,82.3
2011,"Howard, TX",TX,48227,70.3
2011,"Hudspeth, TX",TX,48229,?
2011,"Hunt, TX",TX,48231,98.5
2011,"Hutchinson, TX",TX,48233,77.7
2011,"Irion, TX",TX,48235,?
2011,"Jack, TX",TX,48237,?
2011,"Jackson, TX",TX,48239,74.3
2011,"Jasper, TX",TX,48241,64.7
2011,"Jeff Davis, TX",TX,48243,?
2011,"Jefferson, TX",TX,48245,94.8
2011,"Jim Hogg, TX",TX,48247,?
2011,"Jim Wells, TX",TX,48249,91.4
2011,"Johnson, TX",TX,48251,87
2011,"Jones, TX",TX,48253,24.8
2011,"Karnes, TX",TX,48255,52.2
2011,"Kaufman, TX",TX,48257,93
2011,"Kendall, TX",TX,48259,83.1
2011,"Kenedy, TX",TX,48261,?
2011,"Kent, TX",TX,48263,?
2011,"Kerr, TX",TX,48265,115.8
2011,"Kimble, TX",TX,48267,109.5
2011,"King, TX",TX,48269,?
2011,"Kinney, TX",TX,48271,?
2011,"Kleberg, TX",TX,48273,76.7
2011,"Knox, TX",TX,48275,?
2011,"Lamar, TX",TX,48277,168
2011,"Lamb, TX",TX,48279,50.4
2011,"Lampasas, TX",TX,48281,8.9
2011,"La Salle, TX",TX,48283,?
2011,"Lavaca, TX",TX,48285,82
2011,"Lee, TX",TX,48287,39.1
2011,"Leon, TX",TX,48289,24.1
2011,"Liberty, TX",TX,48291,146.3
2011,"Limestone, TX",TX,48293,106.9
2011,"Lipscomb, TX",TX,48295,?
2011,"Live Oak, TX",TX,48297,?
2011,"Llano, TX",TX,48299,105.1
2011,"Loving, TX",TX,48301,?
2011,"Lubbock, TX",TX,48303,87.4
2011,"Lynn, TX",TX,48305,?
2011,"McCulloch, TX",TX,48307,48.4
2011,"McLennan, TX",TX,48309,95.7
2011,"McMullen, TX",TX,48311,?
2011,"Madison, TX",TX,48313,82.7
2011,"Marion, TX",TX,48315,?
2011,"Martin, TX",TX,48317,?
2011,"Mason, TX",TX,48319,?
2011,"Matagorda, TX",TX,48321,87.2
2011,"Maverick, TX",TX,48323,29.7
2011,"Medina, TX",TX,48325,32
2011,"Menard, TX",TX,48327,66.2
2011,"Midland, TX",TX,48329,82.7
2011,"Milam, TX",TX,48331,78.3
2011,"Mills, TX",TX,48333,?
2011,"Mitchell, TX",TX,48335,?
2011,"Montague, TX",TX,48337,106.5
2011,"Montgomery, TX",TX,48339,82.6
2011,"Moore, TX",TX,48341,42.3
2011,"Morris, TX",TX,48343,93.6
2011,"Motley, TX",TX,48345,?
2011,"Nacogdoches, TX",TX,48347,105.3
2011,"Navarro, TX",TX,48349,85.3
2011,"Newton, TX",TX,48351,62.1
2011,"Nolan, TX",TX,48353,138.5
2011,"Nueces, TX",TX,48355,92.9
2011,"Ochiltree, TX",TX,48357,76.2
2011,"Oldham, TX",TX,48359,?
2011,"Orange, TX",TX,48361,122.2
2011,"Palo Pinto, TX",TX,48363,125.3
2011,"Panola, TX",TX,48365,93.6
2011,"Parker, TX",TX,48367,76
2011,"Parmer, TX",TX,48369,?
2011,"Pecos, TX",TX,48371,62.5
2011,"Polk, TX",TX,48373,80
2011,"Potter, TX",TX,48375,95.8
2011,"Presidio, TX",TX,48377,?
2011,"Rains, TX",TX,48379,53.2
2011,"Randall, TX",TX,48381,82.2
2011,"Reagan, TX",TX,48383,?
2011,"Real, TX",TX,48385,?
2011,"Red River, TX",TX,48387,35.6
2011,"Reeves, TX",TX,48389,68.7
2011,"Refugio, TX",TX,48391,?
2011,"Roberts, TX",TX,48393,?
2011,"Robertson, TX",TX,48395,27.6
2011,"Rockwall, TX",TX,48397,78.8
2011,"Runnels, TX",TX,48399,50
2011,"Rusk, TX",TX,48401,66.9
2011,"Sabine, TX",TX,48403,55.4
2011,"San Augustine, TX",TX,48405,96
2011,"San Jacinto, TX",TX,48407,24.1
2011,"San Patricio, TX",TX,48409,82
2011,"San Saba, TX",TX,48411,81.7
2011,"Schleicher, TX",TX,48413,?
2011,"Scurry, TX",TX,48415,84.8
2011,"Shackelford, TX",TX,48417,?
2011,"Shelby, TX",TX,48419,103.6
2011,"Sherman, TX",TX,48421,66.9
2011,"Smith, TX",TX,48423,113.8
2011,"Somervell, TX",TX,48425,123.4
2011,"Starr, TX",TX,48427,27.8
2011,"Stephens, TX",TX,48429,118.5
2011,"Sterling, TX",TX,48431,?
2011,"Stonewall, TX",TX,48433,?
2011,"Sutton, TX",TX,48435,?
2011,"Swisher, TX",TX,48437,?
2011,"Tarrant, TX",TX,48439,81.6
2011,"Taylor, TX",TX,48441,136.4
2011,"Terrell, TX",TX,48443,?
2011,"Terry, TX",TX,48445,55.5
2011,"Throckmorton, TX",TX,48447,?
2011,"Titus, TX",TX,48449,137.7
2011,"Tom Green, TX",TX,48451,105.3
2011,"Travis, TX",TX,48453,70.9
2011,"Trinity, TX",TX,48455,103.5
2011,"Tyler, TX",TX,48457,65.4
2011,"Upshur, TX",TX,48459,11.2
2011,"Upton, TX",TX,48461,?
2011,"Uvalde, TX",TX,48463,65.3
2011,"Val Verde, TX",TX,48465,41.2
2011,"Van Zandt, TX",TX,48467,87.9
2011,"Victoria, TX",TX,48469,119.3
2011,"Walker, TX",TX,48471,77.6
2011,"Waller, TX",TX,48473,23.5
2011,"Ward, TX",TX,48475,71.1
2011,"Washington, TX",TX,48477,76.7
2011,"Webb, TX",TX,48479,34.1
2011,"Wharton, TX",TX,48481,78.8
2011,"Wheeler, TX",TX,48483,123.1
2011,"Wichita, TX",TX,48485,129
2011,"Wilbarger, TX",TX,48487,178.7
2011,"Willacy, TX",TX,48489,40.3
2011,"Williamson, TX",TX,48491,75
2011,"Wilson, TX",TX,48493,49.6
2011,"Winkler, TX",TX,48495,94.2
2011,"Wise, TX",TX,48497,36.6
2011,"Wood, TX",TX,48499,74.2
2011,"Yoakum, TX",TX,48501,77
2011,"Young, TX",TX,48503,96.1
2011,"Zapata, TX",TX,48505,?
2011,"Zavala, TX",TX,48507,36.2
2011,"Beaver, UT",UT,49001,96.4
2011,"Box Elder, UT",UT,49003,70.2
2011,"Cache, UT",UT,49005,64.9
2011,"Carbon, UT",UT,49007,187.9
2011,"Daggett, UT",UT,49009,?
2011,"Davis, UT",UT,49011,80.1
2011,"Duchesne, UT",UT,49013,60.5
2011,"Emery, UT",UT,49015,107.9
2011,"Garfield, UT",UT,49017,90.7
2011,"Grand, UT",UT,49019,120.2
2011,"Iron, UT",UT,49021,104.9
2011,"Juab, UT",UT,49023,88.2
2011,"Kane, UT",UT,49025,122.5
2011,"Millard, UT",UT,49027,106
2011,"Morgan, UT",UT,49029,43.6
2011,"Piute, UT",UT,49031,?
2011,"Rich, UT",UT,49033,58.7
2011,"Salt Lake, UT",UT,49035,87.8
2011,"San Juan, UT",UT,49037,30.1
2011,"Sanpete, UT",UT,49039,94.5
2011,"Sevier, UT",UT,49041,138.6
2011,"Summit, UT",UT,49043,78.7
2011,"Tooele, UT",UT,49045,89.4
2011,"Uintah, UT",UT,49047,105.3
2011,"Utah, UT",UT,49049,72.8
2011,"Wasatch, UT",UT,49051,81
2011,"Washington, UT",UT,49053,97.6
2011,"Wayne, UT",UT,49055,?
2011,"Weber, UT",UT,49057,96.1
2011,"Accomack, VA",VA,51001,69.9
2011,"Albemarle, VA",VA,51003,74.8
2011,"Alleghany, VA",VA,51005,77.9
2011,"Amelia, VA",VA,51007,57.6
2011,"Amherst, VA",VA,51009,90.6
2011,"Appomattox, VA",VA,51011,110.1
2011,"Arlington, VA",VA,51013,29.7
2011,"Augusta, VA",VA,51015,36.4
2011,"Bath, VA",VA,51017,65.1
2011,"Bedford, VA",VA,51019,48.4
2011,"Bland, VA",VA,51021,80.7
2011,"Botetourt, VA",VA,51023,42.8
2011,"Brunswick, VA",VA,51025,27.2
2011,"Buchanan, VA",VA,51027,118.7
2011,"Buckingham, VA",VA,51029,?
2011,"Campbell, VA",VA,51031,39.8
2011,"Caroline, VA",VA,51033,20.6
2011,"Carroll, VA",VA,51035,44.5
2011,"Charles City, VA",VA,51036,?
2011,"Charlotte, VA",VA,51037,39.5
2011,"Chesterfield, VA",VA,51041,80.4
2011,"Clarke, VA",VA,51043,22.2
2011,"Craig, VA",VA,51045,?
2011,"Culpeper, VA",VA,51047,105.8
2011,"Cumberland, VA",VA,51049,39.7
2011,"Dickenson, VA",VA,51051,160.7
2011,"Dinwiddie, VA",VA,51053,4.5
2011,"Essex, VA",VA,51057,96.4
2011,"Fairfax, VA",VA,51059,38.7
2011,"Fauquier, VA",VA,51061,98.8
2011,"Floyd, VA",VA,51063,85.9
2011,"Fluvanna, VA",VA,51065,34.7
2011,"Franklin, VA",VA,51067,108.5
2011,"Frederick, VA",VA,51069,55.9
2011,"Giles, VA",VA,51071,145.5
2011,"Gloucester, VA",VA,51073,94.5
2011,"Goochland, VA",VA,51075,29.3
2011,"Grayson, VA",VA,51077,27.7
2011,"Greene, VA",VA,51079,69.1
2011,"Greensville, VA",VA,51081,?
2011,"Halifax, VA",VA,51083,77
2011,"Hanover, VA",VA,51085,82.3
2011,"Henrico, VA",VA,51087,86.7
2011,"Henry, VA",VA,51089,93.5
2011,"Highland, VA",VA,51091,?
2011,"Isle of Wight, VA",VA,51093,60.6
2011,"James City, VA",VA,51095,111.9
2011,"King and Queen, VA",VA,51097,?
2011,"King George, VA",VA,51099,34.7
2011,"King William, VA",VA,51101,44.5
2011,"Lancaster, VA",VA,51103,168.8
2011,"Lee, VA",VA,51105,124.8
2011,"Loudoun, VA",VA,51107,45.8
2011,"Louisa, VA",VA,51109,61.3
2011,"Lunenburg, VA",VA,51111,?
2011,"Madison, VA",VA,51113,?
2011,"Mathews, VA",VA,51115,59.1
2011,"Mecklenburg, VA",VA,51117,98.3
2011,"Middlesex, VA",VA,51119,?
2011,"Montgomery, VA",VA,51121,80.2
2011,"Nelson, VA",VA,51125,33.1
2011,"New Kent, VA",VA,51127,68.4
2011,"Northampton, VA",VA,51131,114.9
2011,"Northumberland, VA",VA,51133,34.1
2011,"Nottoway, VA",VA,51135,82.9
2011,"Orange, VA",VA,51137,105.6
2011,"Page, VA",VA,51139,85.2
2011,"Patrick, VA",VA,51141,72.8
2011,"Pittsylvania, VA",VA,51143,22.9
2011,"Powhatan, VA",VA,51145,44.6
2011,"Prince Edward, VA",VA,51147,122.1
2011,"Prince George, VA",VA,51149,?
2011,"Prince William, VA",VA,51153,48.8
2011,"Pulaski, VA",VA,51155,176.3
2011,"Rappahannock, VA",VA,51157,?
2011,"Richmond, VA",VA,51159,49.8
2011,"Roanoke, VA",VA,51161,99.4
2011,"Rockbridge, VA",VA,51163,?
2011,"Rockingham, VA",VA,51165,34.1
2011,"Russell, VA",VA,51167,156
2011,"Scott, VA",VA,51169,155.1
2011,"Shenandoah, VA",VA,51171,80.1
2011,"Smyth, VA",VA,51173,142.8
2011,"Southampton, VA",VA,51175,4.6
2011,"Spotsylvania, VA",VA,51177,89.1
2011,"Stafford, VA",VA,51179,69.4
2011,"Surry, VA",VA,51181,?
2011,"Sussex, VA",VA,51183,26.8
2011,"Tazewell, VA",VA,51185,194.3
2011,"Warren, VA",VA,51187,129.5
2011,"Washington, VA",VA,51191,142.5
2011,"Westmoreland, VA",VA,51193,59.2
2011,"Wise, VA",VA,51195,240.2
2011,"Wythe, VA",VA,51197,109.7
2011,"York, VA",VA,51199,59.6
2011,"Alexandria, VA",VA,51510,41.2
2011,"Bedford City, VA",VA,51515,?
2011,"Bristol, VA",VA,51520,226.3
2011,"Buena Vista, VA",VA,51530,85.7
2011,"Charlottesville, VA",VA,51540,77.3
2011,"Chesapeake, VA",VA,51550,85.4
2011,"Colonial Heights, VA",VA,51570,303.1
2011,"Covington, VA",VA,51580,310.9
2011,"Danville, VA",VA,51590,184.6
2011,"Emporia, VA",VA,51595,264.7
2011,"Fairfax City, VA",VA,51600,94.9
2011,"Falls Church, VA",VA,51610,106.8
2011,"Franklin City, VA",VA,51620,229.2
2011,"Fredericksburg, VA",VA,51630,191.9
2011,"Galax, VA",VA,51640,409.4
2011,"Hampton, VA",VA,51650,96.1
2011,"Harrisonburg, VA",VA,51660,141.2
2011,"Hopewell, VA",VA,51670,159.6
2011,"Lexington, VA",VA,51678,288.2
2011,"Lynchburg, VA",VA,51680,170.4
2011,"Manassas, VA",VA,51683,126.6
2011,"Manassas Park, VA",VA,51685,?
2011,"Martinsville, VA",VA,51690,583.8
2011,"Newport News, VA",VA,51700,76.3
2011,"Norfolk, VA",VA,51710,68.6
2011,"Norton, VA",VA,51720,412
2011,"Petersburg, VA",VA,51730,145.7
2011,"Poquoson, VA",VA,51735,108.5
2011,"Portsmouth, VA",VA,51740,106.2
2011,"Radford, VA",VA,51750,126.9
2011,"Richmond City, VA",VA,51760,72
2011,"Roanoke City, VA",VA,51770,145.7
2011,"Salem, VA",VA,51775,257.1
2011,"Staunton, VA",VA,51790,208.5
2011,"Suffolk, VA",VA,51800,91.4
2011,"Virginia Beach, VA",VA,51810,69.5
2011,"Waynesboro, VA",VA,51820,232.5
2011,"Williamsburg, VA",VA,51830,?
2011,"Winchester, VA",VA,51840,272.7
2011,"Addison, VT",VT,50001,25.1
2011,"Bennington, VT",VT,50003,68
2011,"Caledonia, VT",VT,50005,50.6
2011,"Chittenden, VT",VT,50007,49.8
2011,"Essex, VT",VT,50009,?
2011,"Franklin, VT",VT,50011,54.5
2011,"Grand Isle, VT",VT,50013,31.7
2011,"Lamoille, VT",VT,50015,36.1
2011,"Orange, VT",VT,50017,23.2
2011,"Orleans, VT",VT,50019,32.6
2011,"Rutland, VT",VT,50021,96
2011,"Washington, VT",VT,50023,43.1
2011,"Windham, VT",VT,50025,82.4
2011,"Windsor, VT",VT,50027,59.1
2011,"Adams, WA",WA,53001,19.9
2011,"Asotin, WA",WA,53003,163.4
2011,"Benton, WA",WA,53005,119.4
2011,"Chelan, WA",WA,53007,110.1
2011,"Clallam, WA",WA,53009,156.6
2011,"Clark, WA",WA,53011,69.7
2011,"Columbia, WA",WA,53013,19.9
2011,"Cowlitz, WA",WA,53015,107.4
2011,"Douglas, WA",WA,53017,71.4
2011,"Ferry, WA",WA,53019,87.9
2011,"Franklin, WA",WA,53021,66.7
2011,"Garfield, WA",WA,53023,?
2011,"Grant, WA",WA,53025,84.2
2011,"Grays Harbor, WA",WA,53027,116.8
2011,"Island, WA",WA,53029,47.8
2011,"Jefferson, WA",WA,53031,81.7
2011,"King, WA",WA,53033,66.6
2011,"Kitsap, WA",WA,53035,78.3
2011,"Kittitas, WA",WA,53037,68.8
2011,"Klickitat, WA",WA,53039,29.4
2011,"Lewis, WA",WA,53041,130.4
2011,"Lincoln, WA",WA,53043,97.2
2011,"Mason, WA",WA,53045,94.3
2011,"Okanogan, WA",WA,53047,89.6
2011,"Pacific, WA",WA,53049,87
2011,"Pend Oreille, WA",WA,53051,135.2
2011,"Pierce, WA",WA,53053,83.2
2011,"San Juan, WA",WA,53055,18.9
2011,"Skagit, WA",WA,53057,97.2
2011,"Skamania, WA",WA,53059,60.5
2011,"Snohomish, WA",WA,53061,93.9
2011,"Spokane, WA",WA,53063,99.3
2011,"Stevens, WA",WA,53065,84.8
2011,"Thurston, WA",WA,53067,74.5
2011,"Wahkiakum, WA",WA,53069,95.1
2011,"Walla Walla, WA",WA,53071,93.1
2011,"Whatcom, WA",WA,53073,81.8
2011,"Whitman, WA",WA,53075,59.1
2011,"Yakima, WA",WA,53077,76.3
2011,"Adams, WI",WI,55001,46
2011,"Ashland, WI",WI,55003,89.8
2011,"Barron, WI",WI,55005,77.3
2011,"Bayfield, WI",WI,55007,14.9
2011,"Brown, WI",WI,55009,72.2
2011,"Buffalo, WI",WI,55011,5.7
2011,"Burnett, WI",WI,55013,62.4
2011,"Calumet, WI",WI,55015,18.2
2011,"Chippewa, WI",WI,55017,55.4
2011,"Clark, WI",WI,55019,25.1
2011,"Columbia, WI",WI,55021,111.9
2011,"Crawford, WI",WI,55023,86.3
2011,"Dane, WI",WI,55025,68.9
2011,"Dodge, WI",WI,55027,46.9
2011,"Door, WI",WI,55029,59.6
2011,"Douglas, WI",WI,55031,101.4
2011,"Dunn, WI",WI,55033,58.5
2011,"Eau Claire, WI",WI,55035,73.8
2011,"Florence, WI",WI,55037,?
2011,"Fond du Lac, WI",WI,55039,67.6
2011,"Forest, WI",WI,55041,57.4
2011,"Grant, WI",WI,55043,62.5
2011,"Green, WI",WI,55045,64.1
2011,"Green Lake, WI",WI,55047,64.9
2011,"Iowa, WI",WI,55049,55.6
2011,"Iron, WI",WI,55051,76.8
2011,"Jackson, WI",WI,55053,28.1
2011,"Jefferson, WI",WI,55055,81.4
2011,"Juneau, WI",WI,55057,79.6
2011,"Kenosha, WI",WI,55059,77.6
2011,"Kewaunee, WI",WI,55061,30.1
2011,"La Crosse, WI",WI,55063,71.7
2011,"Lafayette, WI",WI,55065,12
2011,"Langlade, WI",WI,55067,72
2011,"Lincoln, WI",WI,55069,87.3
2011,"Manitowoc, WI",WI,55071,69.5
2011,"Marathon, WI",WI,55073,56.8
2011,"Marinette, WI",WI,55075,78.3
2011,"Marquette, WI",WI,55077,38.3
2011,"Menominee, WI",WI,55078,?
2011,"Milwaukee, WI",WI,55079,99.5
2011,"Monroe, WI",WI,55081,70.9
2011,"Oconto, WI",WI,55083,45.8
2011,"Oneida, WI",WI,55085,109.7
2011,"Outagamie, WI",WI,55087,72.4
2011,"Ozaukee, WI",WI,55089,68.6
2011,"Pepin, WI",WI,55091,66.5
2011,"Pierce, WI",WI,55093,41.8
2011,"Polk, WI",WI,55095,63.1
2011,"Portage, WI",WI,55097,72
2011,"Price, WI",WI,55099,63.1
2011,"Racine, WI",WI,55101,90.6
2011,"Richland, WI",WI,55103,17.9
2011,"Rock, WI",WI,55105,83.4
2011,"Rusk, WI",WI,55107,24.9
2011,"St. Croix, WI",WI,55109,50.3
2011,"Sauk, WI",WI,55111,84.7
2011,"Sawyer, WI",WI,55113,77
2011,"Shawano, WI",WI,55115,58.5
2011,"Sheboygan, WI",WI,55117,73.5
2011,"Taylor, WI",WI,55119,21.8
2011,"Trempealeau, WI",WI,55121,39
2011,"Vernon, WI",WI,55123,56.9
2011,"Vilas, WI",WI,55125,76.1
2011,"Walworth, WI",WI,55127,74.4
2011,"Washburn, WI",WI,55129,64.9
2011,"Washington, WI",WI,55131,77.3
2011,"Waukesha, WI",WI,55133,81.2
2011,"Waupaca, WI",WI,55135,90.1
2011,"Waushara, WI",WI,55137,16.7
2011,"Winnebago, WI",WI,55139,82.8
2011,"Wood, WI",WI,55141,86.3
2011,"Barbour, WV",WV,54001,114
2011,"Berkeley, WV",WV,54003,114.4
2011,"Boone, WV",WV,54005,205.1
2011,"Braxton, WV",WV,54007,113.8
2011,"Brooke, WV",WV,54009,140.5
2011,"Cabell, WV",WV,54011,186.6
2011,"Calhoun, WV",WV,54013,66.4
2011,"Clay, WV",WV,54015,90.7
2011,"Doddridge, WV",WV,54017,47.1
2011,"Fayette, WV",WV,54019,108.9
2011,"Gilmer, WV",WV,54021,69.8
2011,"Grant, WV",WV,54023,97.7
2011,"Greenbrier, WV",WV,54025,182.7
2011,"Hampshire, WV",WV,54027,94.3
2011,"Hancock, WV",WV,54029,178.9
2011,"Hardy, WV",WV,54031,90.7
2011,"Harrison, WV",WV,54033,150.7
2011,"Jackson, WV",WV,54035,137.7
2011,"Jefferson, WV",WV,54037,92.4
2011,"Kanawha, WV",WV,54039,163.4
2011,"Lewis, WV",WV,54041,147
2011,"Lincoln, WV",WV,54043,63.7
2011,"Logan, WV",WV,54045,291
2011,"McDowell, WV",WV,54047,193.5
2011,"Marion, WV",WV,54049,133.8
2011,"Marshall, WV",WV,54051,166.8
2011,"Mason, WV",WV,54053,149.3
2011,"Mercer, WV",WV,54055,170.7
2011,"Mineral, WV",WV,54057,117.9
2011,"Mingo, WV",WV,54059,201.8
2011,"Monongalia, WV",WV,54061,104.5
2011,"Monroe, WV",WV,54063,27
2011,"Morgan, WV",WV,54065,81.4
2011,"Nicholas, WV",WV,54067,229.6
2011,"Ohio, WV",WV,54069,127.7
2011,"Pendleton, WV",WV,54071,83.1
2011,"Pleasants, WV",WV,54073,150
2011,"Pocahontas, WV",WV,54075,85.2
2011,"Preston, WV",WV,54077,50.2
2011,"Putnam, WV",WV,54079,116.9
2011,"Raleigh, WV",WV,54081,196.4
2011,"Randolph, WV",WV,54083,119
2011,"Ritchie, WV",WV,54085,61
2011,"Roane, WV",WV,54087,128.2
2011,"Summers, WV",WV,54089,104.2
2011,"Taylor, WV",WV,54091,97.2
2011,"Tucker, WV",WV,54093,40.8
2011,"Tyler, WV",WV,54095,?
2011,"Upshur, WV",WV,54097,89.4
2011,"Wayne, WV",WV,54099,91
2011,"Webster, WV",WV,54101,110.1
2011,"Wetzel, WV",WV,54103,133.1
2011,"Wirt, WV",WV,54105,53.7
2011,"Wood, WV",WV,54107,148
2011,"Wyoming, WV",WV,54109,218.3
2011,"Albany, WY",WY,56001,56
2011,"Big Horn, WY",WY,56003,48.8
2011,"Campbell, WY",WY,56005,94.1
2011,"Carbon, WY",WY,56007,74.5
2011,"Converse, WY",WY,56009,66.2
2011,"Crook, WY",WY,56011,4.8
2011,"Fremont, WY",WY,56013,83.8
2011,"Goshen, WY",WY,56015,25.7
2011,"Hot Springs, WY",WY,56017,78.7
2011,"Johnson, WY",WY,56019,64.2
2011,"Laramie, WY",WY,56021,78.7
2011,"Lincoln, WY",WY,56023,59.7
2011,"Natrona, WY",WY,56025,88.6
2011,"Niobrara, WY",WY,56027,?
2011,"Park, WY",WY,56029,112.9
2011,"Platte, WY",WY,56031,40.6
2011,"Sheridan, WY",WY,56033,89.5
2011,"Sublette, WY",WY,56035,63.8
2011,"Sweetwater, WY",WY,56037,92
2011,"Teton, WY",WY,56039,80.5
2011,"Uinta, WY",WY,56041,84.1
2011,"Washakie, WY",WY,56043,83.4
2011,"Weston, WY",WY,56045,45.4
